










1019 


1013 







1023 










974 
991 











53 

459 


460 

46 751 
923 








405 970 















1016 











790 
763 907 










885 




















1021 


































502 562 












799 

535 







797 
760 

877 

880 



























305 







270 





895 











894 





715 967 











511 727 










223 



























1013 




502 

215 







999 
800 
651 961 









938 







704 
491 






871 


431 


760 





516 























672 





564 913 



526 












741 




63 

























344 729 

658 









710 


723 












48 
51 831 




680 

804 








703 







958 




600 

334 










159 303 965 




641 763 



259 841 




353 


889 






387 








174 









990 
















159 

383 





806 
894 


















661 









489 













1020 


762 838 
















941 
647 
731 




507 





635 



315 






433 


590 










377 







465 













1003 




859 



476 
333 





443 




247 



985 



446 



259 1015 

431 854 

636 


937 
819 870 





400 









53 








183 347 

617 887 
92 507 



881 
















891 





91 






182 

172 
314 



467 

570 


1009 









735 











460 916 






617 


511 




875 


955 




729 




699 



908 





989 
735 
341 



846 

185 


187 
767 



103 

762 

519 

784 


241 571 
229 











92 
863 


918 

383 


831 

911 

1023 


54 













734 
325 


634 













849 


484 


315 



502 

247 


63 

1015 
978 
33 



973 






719 



869 
545 
34 






1023 
313 



694 





809 1019 



14 298 

727 972 
79 


11 1009 
614 
124 

22 920 998 
