0
1
2
3
4
5
6
7
8
9
10
11
12
14
15
17
18
19
20
21
22
23
24
25
26
27
28
29
30
32
34
35
36
37
38
39
40
41
43
44
45
46
47
48
49
50
51
52
54
55
56
57
58
59
60
63
64
65
66
67
68
69
70
71
72
73
74
75
76
77
78
79
80
81
82
83
85
86
87
88
89
90
91
92
93
94
95
96
97
98
100
101
102
104
105
106
107
108
109
111
112
114
115
116
117
118
119
120
121
124
125
126
127
128
129
130
131
132
133
134
135
136
137
138
140
141
143
144
145
146
147
148
150
151
153
154
155
159
160
161
162
163
164
165
166
167
168
169
170
171
172
173
174
175
176
177
178
181
183
184
185
186
187
188
192
193
194
195
196
197
198
200
201
202
203
204
205
206
207
209
210
211
212
213
214
217
218
220
223
224
225
226
229
230
231
232
233
234
235
236
237
240
241
242
244
249
250
251
252
253
254
255
256
257
258
259
260
261
262
263
264
265
267
268
269
270
271
272
273
274
275
276
277
278
279
280
281
282
284
285
286
287
288
289
290
291
292
293
294
295
296
297
298
299
300
301
302
304
305
306
309
310
311
312
313
314
316
317
318
320
321
322
323
324
325
326
327
328
329
330
331
332
333
336
337
338
339
340
342
343
344
345
346
347
348
349
351
352
353
354
355
356
357
358
359
360
362
363
365
366
367
368
369
370
372
373
375
376
378
379
380
385
386
387
388
389
390
391
393
394
396
397
398
400
401
402
404
405
407
408
409
410
411
412
413
414
415
416
417
418
419
420
421
422
423
424
425
427
428
429
430
432
433
435
436
437
438
439
440
441
443
445
446
448
450
451
452
454
455
458
460
461
462
464
465
466
469
470
471
472
476
480
481
482
483
484
485
486
488
489
490
491
492
495
496
497
498
499
500
503
506
508
512
513
514
515
516
517
518
520
521
522
523
524
525
526
527
528
529
530
531
532
533
534
535
536
537
538
539
540
541
542
543
544
545
546
547
549
550
553
555
557
558
559
560
561
562
563
564
565
566
568
569
570
571
573
574
575
576
577
578
579
580
581
583
584
585
586
587
588
589
590
591
592
594
595
596
597
598
599
600
601
602
603
604
605
607
608
609
610
611
612
614
616
618
619
620
622
624
625
626
627
628
629
630
632
633
634
635
636
637
638
640
641
642
643
644
645
646
647
648
649
650
652
653
654
655
656
657
658
659
660
661
663
664
665
666
668
669
670
671
672
673
674
675
676
677
678
681
682
683
684
685
686
688
689
690
692
693
694
696
697
698
699
700
701
702
704
705
706
707
709
712
715
716
717
718
719
720
721
723
724
726
727
728
729
730
734
735
738
739
740
741
742
744
745
747
748
750
751
752
753
754
755
756
757
758
759
760
761
762
763
764
769
770
771
772
774
775
776
777
778
779
780
781
782
783
784
785
786
787
788
789
792
793
794
796
798
799
800
801
802
803
804
805
806
807
808
809
811
812
814
817
818
819
821
822
823
824
825
827
828
832
834
835
839
840
841
842
843
844
848
849
850
851
852
853
854
864
865
868
869
872
873
874
876
878
880
881
882
884
887
890
893
894
896
897
898
899
900
901
902
903
904
905
907
908
909
910
912
913
915
916
917
918
920
922
924
925
926
928
929
930
931
932
933
935
937
938
939
940
942
944
945
946
948
950
952
955
956
960
961
962
963
968
969
971
972
973
975
978
979
980
981
986
988
990
992
993
994
995
999
1000
1001
1002
1003
1004
1005
1006
1008
1010
1011
1017
1018
1019
1020
1024
1025
1026
1027
1028
1029
1030
1031
1032
1033
1034
1035
1036
1037
1038
1039
1040
1041
1042
1043
1044
1045
1046
1047
1048
1049
1050
1052
1053
1055
1056
1057
1058
1059
1060
1061
1062
1063
1065
1066
1067
1068
1069
1070
1071
1072
1073
1074
1076
1077
1078
1080
1081
1082
1083
1084
1085
1086
1088
1090
1092
1093
1094
1095
1096
1097
1098
1100
1101
1102
1103
1104
1105
1106
1107
1108
1109
1111
1113
1114
1116
1117
1118
1119
1121
1122
1123
1124
1125
1127
1128
1129
1130
1132
1133
1135
1136
1137
1138
1140
1141
1145
1146
1148
1149
1152
1153
1154
1155
1156
1158
1159
1160
1161
1163
1164
1165
1167
1168
1169
1170
1171
1172
1174
1175
1176
1177
1180
1183
1184
1185
1186
1187
1188
1189
1190
1191
1192
1193
1194
1195
1196
1197
1198
1200
1201
1202
1204
1206
1207
1208
1209
1210
1212
1214
1216
1217
1218
1219
1220
1221
1222
1223
1224
1225
1226
1227
1228
1229
1232
1233
1234
1235
1236
1238
1240
1241
1242
1244
1248
1249
1250
1251
1252
1253
1254
1255
1257
1260
1261
1262
1264
1266
1267
1268
1269
1272
1273
1278
1281
1282
1283
1284
1285
1286
1287
1288
1290
1291
1292
1293
1294
1295
1296
1297
1298
1300
1301
1303
1304
1305
1306
1307
1308
1309
1310
1312
1313
1314
1316
1317
1318
1319
1320
1321
1322
1324
1325
1326
1327
1328
1329
1330
1331
1334
1336
1337
1338
1339
1340
1341
1343
1344
1345
1346
1348
1349
1353
1354
1355
1356
1357
1358
1359
1360
1362
1363
1364
1365
1366
1368
1370
1372
1374
1376
1377
1378
1379
1380
1381
1382
1383
1385
1386
1387
1389
1392
1394
1395
1398
1400
1401
1404
1406
1408
1409
1410
1411
1412
1413
1414
1416
1417
1420
1421
1424
1425
1426
1427
1428
1429
1430
1432
1433
1436
1437
1438
1440
1441
1442
1444
1445
1446
1447
1448
1450
1452
1453
1454
1456
1460
1461
1462
1463
1464
1465
1466
1467
1468
1472
1473
1474
1476
1477
1478
1480
1481
1482
1483
1484
1486
1488
1490
1491
1492
1493
1496
1497
1498
1500
1503
1504
1505
1506
1507
1508
1509
1510
1512
1513
1514
1516
1517
1520
1521
1522
1523
1524
1525
1526
1528
1529
1535
1536
1539
1540
1541
1542
1543
1544
1545
1546
1547
1548
1549
1550
1551
1552
1553
1554
1555
1556
1557
1558
1559
1560
1561
1562
1563
1564
1565
1566
1567
1568
1569
1570
1572
1574
1575
1576
1577
1578
1580
1582
1583
1584
1586
1587
1588
1589
1590
1591
1592
1593
1594
1596
1599
1600
1601
1602
1603
1604
1605
1607
1608
1609
1611
1612
1614
1616
1617
1618
1619
1621
1622
1625
1626
1628
1629
1632
1633
1634
1635
1636
1637
1640
1641
1642
1644
1645
1648
1649
1650
1651
1652
1653
1655
1656
1657
1658
1660
1662
1665
1666
1667
1668
1669
1670
1671
1672
1675
1676
1677
1678
1680
1681
1682
1683
1684
1685
1686
1688
1691
1692
1694
1697
1699
1700
1701
1702
1703
1704
1707
1708
1709
1710
1712
1713
1716
1717
1719
1721
1723
1724
1728
1729
1731
1732
1733
1734
1735
1736
1737
1738
1740
1741
1743
1744
1745
1746
1748
1749
1750
1751
1752
1755
1760
1762
1763
1767
1775
1776
1779
1780
1782
1783
1785
1786
1787
1788
1789
1792
1793
1794
1795
1796
1797
1798
1799
1800
1801
1802
1804
1805
1806
1807
1808
1809
1810
1812
1813
1814
1816
1818
1819
1820
1821
1822
1823
1824
1825
1826
1827
1828
1829
1831
1832
1834
1835
1836
1837
1840
1841
1842
1844
1848
1852
1853
1854
1856
1857
1858
1859
1860
1861
1862
1865
1866
1867
1868
1869
1872
1874
1877
1880
1885
1889
1890
1891
1896
1897
1899
1900
1901
1902
1904
1905
1906
1908
1910
1911
1912
1913
1914
1916
1917
1918
1920
1921
1922
1923
1924
1926
1927
1928
1929
1932
1935
1936
1937
1938
1940
1944
1945
1947
1948
1951
1952
1955
1956
1957
1958
1960
1963
1966
1968
1974
1975
1979
1980
1983
1984
1986
1988
1989
1991
1996
2002
2004
2010
2011
2012
2014
2016
2017
2018
2019
2021
2032
2036
2037
2040
2042
2046
2048
2049
2050
2051
2052
2053
2054
2055
2056
2057
2058
2059
2060
2061
2062
2063
2064
2065
2066
2067
2068
2069
2070
2071
2072
2073
2074
2075
2077
2078
2080
2082
2083
2084
2085
2086
2087
2088
2089
2090
2091
2092
2094
2095
2096
2097
2098
2099
2100
2101
2102
2103
2104
2105
2106
2108
2109
2110
2111
2112
2113
2114
2116
2118
2119
2120
2122
2123
2124
2125
2126
2127
2128
2129
2130
2132
2133
2134
2136
2138
2139
2140
2142
2143
2144
2145
2146
2147
2148
2149
2150
2151
2152
2153
2154
2155
2156
2157
2158
2160
2161
2162
2165
2166
2169
2171
2172
2173
2174
2175
2176
2177
2178
2180
2181
2182
2183
2184
2185
2186
2187
2188
2189
2190
2191
2192
2193
2194
2197
2198
2200
2201
2202
2203
2204
2205
2206
2209
2210
2211
2212
2213
2214
2215
2216
2217
2219
2220
2221
2222
2223
2224
2226
2228
2230
2233
2235
2236
2237
2240
2241
2242
2243
2244
2245
2248
2249
2250
2251
2252
2253
2254
2256
2257
2258
2259
2260
2261
2262
2263
2264
2266
2267
2270
2272
2274
2276
2277
2278
2279
2280
2284
2285
2286
2287
2289
2290
2291
2292
2296
2297
2301
2302
2304
2305
2306
2307
2308
2309
2311
2312
2313
2314
2315
2316
2317
2318
2319
2320
2321
2323
2324
2325
2326
2330
2331
2333
2334
2336
2337
2338
2339
2340
2342
2344
2347
2348
2352
2353
2354
2357
2358
2360
2361
2362
2364
2365
2366
2369
2371
2372
2373
2374
2375
2376
2377
2378
2379
2380
2382
2383
2384
2385
2386
2388
2389
2390
2392
2394
2395
2398
2400
2403
2406
2407
2408
2409
2410
2411
2412
2413
2414
2415
2416
2420
2424
2425
2427
2429
2430
2432
2433
2434
2435
2436
2437
2438
2439
2440
2441
2442
2443
2445
2446
2448
2449
2452
2453
2454
2455
2457
2458
2459
2461
2462
2466
2467
2468
2472
2473
2474
2475
2476
2477
2478
2480
2481
2482
2485
2487
2488
2491
2493
2496
2497
2498
2499
2500
2501
2504
2506
2507
2508
2511
2512
2513
2514
2515
2516
2518
2524
2530
2532
2533
2534
2537
2538
2539
2544
2545
2546
2550
2551
2552
2553
2555
2556
2557
2560
2562
2563
2564
2565
2566
2567
2568
2569
2570
2571
2572
2573
2574
2575
2576
2577
2578
2579
2580
2581
2582
2583
2584
2585
2586
2587
2588
2589
2590
2592
2593
2594
2596
2599
2600
2601
2602
2603
2604
2605
2606
2610
2612
2613
2614
2615
2616
2617
2618
2619
2620
2621
2622
2623
2624
2625
2626
2627
2628
2629
2630
2631
2632
2633
2634
2635
2639
2642
2643
2644
2646
2648
2649
2652
2653
2654
2657
2658
2660
2661
2662
2663
2664
2665
2667
2668
2669
2671
2672
2674
2675
2676
2677
2678
2680
2681
2682
2685
2686
2687
2688
2689
2690
2692
2693
2694
2695
2696
2698
2699
2700
2701
2702
2703
2704
2705
2706
2707
2708
2709
2712
2713
2717
2719
2720
2721
2724
2725
2726
2727
2728
2730
2732
2733
2734
2735
2736
2737
2738
2739
2740
2743
2744
2745
2746
2749
2752
2753
2754
2755
2756
2758
2759
2760
2761
2762
2763
2764
2765
2769
2770
2772
2774
2776
2777
2778
2779
2782
2784
2785
2786
2790
2791
2792
2796
2800
2802
2807
2810
2811
2816
2817
2819
2820
2821
2822
2824
2825
2826
2827
2828
2829
2830
2832
2833
2834
2835
2838
2839
2840
2842
2843
2845
2848
2849
2850
2851
2852
2853
2854
2856
2857
2858
2859
2860
2862
2863
2864
2865
2866
2868
2869
2870
2872
2873
2876
2877
2878
2880
2881
2882
2883
2884
2885
2886
2887
2889
2892
2893
2896
2899
2900
2904
2906
2907
2910
2911
2912
2913
2915
2916
2917
2918
2920
2921
2924
2926
2928
2930
2931
2932
2933
2936
2940
2941
2944
2946
2947
2948
2950
2951
2952
2953
2954
2956
2957
2958
2959
2961
2962
2965
2968
2971
2973
2975
2976
2977
2978
2980
2982
2983
2984
2985
2986
2989
2990
2992
2995
2996
3000
3004
3008
3009
3010
3011
3012
3014
3016
3019
3024
3028
3029
3033
3037
3040
3041
3042
3043
3044
3047
3048
3049
3052
3060
3061
3064
3068
3072
3073
3074
3075
3076
3077
3078
3079
3080
3081
3082
3083
3084
3085
3087
3088
3089
3090
3091
3092
3093
3094
3096
3097
3098
3099
3100
3101
3104
3105
3106
3107
3108
3109
3110
3111
3114
3115
3116
3118
3119
3120
3122
3123
3124
3125
3126
3127
3128
3129
3130
3131
3132
3133
3134
3136
3137
3138
3139
3140
3141
3142
3144
3145
3146
3147
3149
3150
3152
3153
3154
3155
3156
3157
3159
3160
3161
3162
3163
3165
3166
3168
3169
3170
3171
3172
3173
3174
3175
3176
3177
3178
3179
3180
3181
3182
3183
3184
3185
3186
3187
3188
3189
3190
3192
3193
3194
3195
3196
3200
3201
3203
3204
3205
3207
3208
3209
3210
3212
3213
3214
3215
3216
3217
3218
3220
3221
3222
3223
3225
3227
3228
3229
3232
3233
3234
3235
3237
3240
3241
3242
3243
3244
3245
3248
3251
3252
3254
3257
3258
3259
3263
3264
3266
3267
3268
3270
3271
3272
3273
3274
3276
3277
3280
3281
3282
3283
3284
3286
3289
3290
3297
3299
3300
3303
3305
3306
3307
3308
3309
3312
3313
3314
3317
3324
3328
3329
3330
3332
3333
3334
3335
3336
3337
3338
3339
3341
3342
3344
3345
3346
3347
3348
3349
3350
3352
3354
3356
3358
3359
3360
3361
3362
3363
3365
3366
3367
3368
3369
3370
3371
3372
3373
3374
3376
3377
3379
3380
3384
3385
3387
3388
3392
3394
3395
3396
3397
3400
3401
3403
3404
3405
3406
3408
3409
3410
3411
3414
3415
3418
3419
3420
3424
3425
3427
3428
3429
3430
3432
3433
3434
3435
3436
3437
3439
3440
3441
3444
3448
3450
3451
3456
3457
3458
3460
3462
3464
3465
3466
3469
3471
3472
3473
3474
3475
3476
3477
3480
3481
3482
3485
3486
3488
3489
3490
3492
3493
3494
3495
3496
3498
3499
3501
3503
3504
3505
3507
3508
3509
3510
3514
3517
3522
3523
3524
3525
3526
3527
3528
3535
3540
3542
3545
3557
3559
3566
3568
3570
3573
3584
3585
3586
3587
3588
3589
3590
3591
3592
3594
3595
3596
3598
3599
3600
3602
3603
3604
3605
3607
3609
3610
3611
3615
3616
3617
3618
3619
3620
3621
3622
3624
3625
3626
3627
3628
3632
3633
3634
3635
3636
3638
3639
3640
3642
3643
3644
3645
3646
3648
3649
3650
3651
3652
3653
3654
3655
3656
3658
3659
3660
3661
3662
3663
3664
3665
3666
3667
3668
3669
3672
3673
3674
3678
3681
3683
3684
3687
3688
3690
3691
3692
3693
3695
3696
3697
3698
3699
3700
3702
3706
3712
3713
3716
3718
3719
3720
3721
3722
3727
3728
3729
3730
3732
3733
3734
3736
3739
3742
3744
3745
3746
3749
3750
3751
3753
3754
3755
3756
3757
3760
3762
3764
3765
3766
3768
3769
3770
3776
3777
3778
3780
3781
3782
3783
3784
3785
3787
3789
3790
3792
3793
3794
3797
3801
3802
3803
3804
3811
3812
3813
3816
3824
3825
3832
3835
3836
3840
3841
3842
3844
3845
3848
3850
3852
3853
3855
3856
3858
3859
3867
3869
3870
3872
3873
3874
3876
3878
3880
3881
3882
3883
3884
3885
3888
3890
3891
3895
3896
3898
3904
3905
3906
3907
3908
3909
3910
3912
3913
3915
3920
3923
3926
3928
3929
3931
3934
3936
3937
3938
3939
3942
3944
3946
3954
3957
3960
3961
3962
3964
3966
3968
3969
3972
3974
3977
3978
3979
3984
3985
3987
3988
3993
3994
4000
4001
4002
4003
4005
4006
4009
4010
4032
4033
4034
4035
4038
4041
4044
4048
4050
4052
4053
4056
4057
4064
4069
4072
4096
4097
4098
4099
4100
4101
4102
4103
4104
4105
4107
4108
4109
4110
4111
4112
4113
4114
4115
4116
4118
4119
4120
4121
4123
4124
4125
4126
4127
4128
4129
4130
4131
4132
4133
4134
4136
4137
4139
4140
4141
4143
4144
4145
4146
4147
4148
4149
4151
4152
4153
4154
4155
4156
4158
4160
4161
4162
4163
4164
4165
4166
4168
4169
4170
4171
4172
4173
4174
4175
4176
4177
4178
4179
4180
4181
4182
4183
4184
4185
4186
4187
4188
4189
4190
4191
4192
4193
4194
4196
4197
4198
4199
4200
4201
4202
4203
4204
4205
4208
4209
4212
4213
4214
4216
4218
4222
4224
4225
4226
4227
4228
4229
4231
4232
4233
4234
4235
4237
4238
4240
4241
4242
4244
4246
4247
4248
4249
4250
4251
4254
4256
4257
4258
4259
4260
4261
4262
4263
4264
4265
4266
4267
4268
4269
4270
4272
4273
4274
4275
4276
4277
4278
4279
4280
4281
4282
4284
4285
4289
4290
4291
4292
4293
4294
4295
4296
4297
4298
4299
4301
4304
4306
4308
4309
4310
4312
4313
4315
4316
4317
4319
4320
4321
4325
4328
4329
4330
4332
4333
4335
4336
4337
4338
4340
4342
4343
4344
4345
4346
4348
4352
4353
4354
4355
4357
4359
4360
4361
4362
4363
4364
4365
4366
4368
4369
4370
4371
4372
4373
4374
4375
4376
4377
4378
4380
4381
4382
4384
4385
4386
4387
4390
4392
4393
4395
4396
4397
4400
4401
4402
4403
4404
4405
4407
4408
4410
4411
4412
4415
4416
4417
4418
4420
4421
4422
4424
4425
4426
4427
4429
4430
4431
4432
4433
4434
4435
4436
4437
4439
4442
4443
4444
4446
4447
4449
4451
4452
4453
4456
4457
4458
4460
4461
4462
4464
4465
4466
4468
4469
4471
4472
4474
4475
4476
4477
4478
4480
4481
4482
4483
4484
4485
4486
4487
4488
4489
4490
4491
4492
4493
4494
4495
4496
4497
4498
4499
4501
4502
4504
4507
4508
4509
4510
4512
4513
4514
4515
4516
4517
4519
4520
4521
4522
4523
4524
4525
4527
4528
4529
4531
4533
4535
4536
4537
4541
4544
4545
4546
4547
4549
4550
4551
4553
4555
4556
4560
4562
4563
4566
4568
4570
4573
4574
4575
4576
4578
4584
4585
4586
4592
4594
4597
4599
4602
4605
4608
4609
4610
4612
4613
4614
4615
4616
4617
4618
4620
4621
4622
4623
4624
4625
4626
4627
4629
4630
4633
4634
4636
4637
4639
4641
4642
4643
4644
4647
4648
4650
4651
4652
4653
4654
4655
4657
4658
4659
4660
4663
4664
4666
4668
4670
4671
4672
4675
4676
4678
4679
4680
4681
4682
4683
4684
4685
4688
4690
4691
4692
4693
4694
4696
4697
4698
4699
4700
4701
4702
4704
4705
4706
4707
4708
4709
4710
4712
4713
4717
4721
4722
4723
4724
4726
4727
4729
4730
4732
4736
4737
4739
4740
4741
4745
4746
4747
4748
4749
4750
4752
4753
4755
4756
4757
4759
4762
4766
4768
4769
4770
4771
4772
4774
4775
4778
4781
4783
4784
4785
4787
4788
4789
4790
4791
4792
4793
4795
4799
4800
4801
4802
4803
4804
4805
4806
4808
4809
4816
4817
4818
4820
4823
4824
4825
4826
4828
4830
4832
4833
4834
4835
4836
4840
4844
4845
4847
4848
4856
4857
4864
4865
4866
4867
4868
4869
4870
4871
4872
4873
4878
4879
4880
4881
4882
4883
4884
4885
4886
4888
4889
4890
4891
4892
4896
4897
4899
4900
4901
4902
4903
4904
4905
4906
4907
4908
4911
4912
4913
4914
4916
4917
4920
4921
4924
4926
4928
4930
4931
4932
4933
4934
4935
4936
4937
4938
4939
4940
4941
4944
4945
4946
4947
4951
4952
4953
4954
4955
4956
4957
4960
4961
4963
4964
4966
4967
4969
4972
4974
4976
4977
4978
4980
4982
4983
4984
4992
4993
4994
4995
4996
4997
4998
5002
5003
5004
5005
5006
5007
5008
5009
5010
5016
5017
5019
5020
5022
5023
5024
5025
5026
5027
5028
5029
5030
5033
5037
5040
5041
5042
5043
5048
5054
5056
5057
5058
5059
5062
5063
5064
5065
5072
5073
5074
5078
5088
5089
5090
5091
5098
5099
5100
5101
5102
5104
5107
5115
5120
5121
5122
5123
5124
5125
5126
5127
5128
5129
5130
5131
5132
5133
5134
5135
5136
5137
5138
5139
5140
5142
5143
5144
5146
5147
5148
5149
5150
5152
5153
5154
5155
5156
5158
5159
5160
5161
5162
5164
5165
5167
5168
5169
5170
5171
5174
5175
5176
5178
5180
5181
5182
5183
5184
5185
5186
5187
5188
5189
5190
5191
5192
5193
5194
5195
5196
5197
5199
5200
5201
5202
5203
5204
5205
5206
5207
5208
5209
5210
5211
5212
5213
5215
5216
5218
5219
5222
5223
5224
5225
5226
5232
5234
5235
5236
5237
5240
5248
5249
5250
5251
5252
5253
5254
5255
5256
5257
5258
5259
5260
5262
5263
5264
5265
5266
5267
5268
5270
5272
5273
5276
5277
5279
5280
5281
5282
5283
5284
5285
5288
5290
5292
5296
5298
5299
5302
5303
5304
5306
5308
5312
5313
5314
5315
5316
5318
5319
5320
5321
5323
5325
5327
5329
5330
5334
5337
5340
5345
5346
5347
5350
5356
5357
5361
5363
5365
5368
5374
5376
5377
5378
5380
5381
5382
5383
5384
5385
5386
5387
5388
5391
5393
5394
5395
5396
5397
5398
5399
5400
5401
5402
5403
5406
5408
5409
5410
5412
5413
5414
5415
5416
5417
5418
5420
5421
5423
5424
5426
5428
5429
5430
5431
5432
5434
5435
5437
5439
5440
5442
5443
5444
5445
5446
5447
5448
5449
5450
5452
5456
5457
5459
5460
5462
5464
5465
5467
5468
5469
5470
5472
5473
5474
5475
5476
5478
5479
5480
5481
5482
5483
5487
5490
5491
5493
5495
5497
5498
5503
5504
5505
5506
5508
5509
5510
5512
5513
5514
5517
5518
5519
5520
5521
5522
5525
5527
5528
5529
5530
5531
5532
5535
5537
5538
5540
5544
5545
5546
5548
5549
5552
5555
5556
5558
5568
5569
5570
5571
5572
5573
5574
5575
5576
5577
5578
5580
5583
5585
5586
5587
5588
5589
5592
5594
5595
5600
5604
5605
5609
5611
5612
5616
5620
5625
5633
5634
5635
5636
5640
5642
5643
5645
5646
5647
5648
5649
5650
5651
5653
5656
5659
5661
5664
5665
5666
5667
5668
5669
5671
5673
5676
5678
5680
5681
5682
5684
5685
5687
5688
5692
5693
5694
5695
5696
5697
5698
5699
5700
5701
5703
5704
5705
5706
5707
5708
5709
5710
5712
5714
5716
5717
5719
5720
5721
5722
5724
5725
5726
5728
5729
5730
5731
5736
5741
5743
5744
5748
5749
5750
5753
5754
5760
5761
5762
5764
5766
5767
5768
5772
5774
5777
5778
5779
5780
5781
5782
5784
5787
5790
5792
5793
5794
5795
5796
5799
5800
5802
5806
5807
5808
5809
5810
5811
5812
5824
5825
5827
5828
5829
5834
5836
5837
5838
5840
5841
5842
5844
5845
5846
5852
5854
5856
5858
5860
5863
5864
5865
5876
5878
5888
5889
5890
5891
5892
5895
5896
5897
5899
5900
5901
5903
5904
5905
5908
5910
5912
5914
5916
5917
5920
5921
5922
5924
5925
5926
5928
5929
5930
5931
5937
5938
5939
5940
5942
5945
5946
5947
5948
5949
5954
5955
5956
5958
5960
5961
5963
5968
5970
5972
5973
5974
5975
5976
5977
5978
5979
5981
5982
5984
5985
5986
5987
5988
5990
5991
5992
5993
5994
5997
6002
6004
6017
6019
6021
6022
6024
6029
6030
6031
6032
6033
6034
6035
6038
6040
6042
6043
6045
6047
6048
6050
6051
6052
6059
6066
6081
6083
6086
6088
6090
6092
6094
6097
6099
6105
6106
6108
6114
6123
6124
6129
6132
6134
6143
6144
6145
6146
6147
6148
6149
6150
6152
6153
6154
6155
6156
6157
6158
6159
6160
6161
6163
6164
6165
6166
6167
6168
6169
6170
6171
6174
6176
6178
6179
6182
6183
6184
6185
6186
6187
6188
6189
6190
6191
6192
6193
6194
6195
6197
6198
6199
6200
6201
6202
6203
6206
6208
6209
6210
6211
6212
6213
6214
6216
6217
6218
6219
6220
6222
6225
6227
6228
6229
6230
6232
6235
6236
6238
6241
6244
6245
6246
6247
6248
6250
6251
6256
6257
6258
6259
6261
6262
6264
6265
6267
6268
6270
6272
6273
6274
6276
6277
6278
6280
6281
6282
6283
6284
6285
6288
6289
6290
6291
6295
6296
6297
6298
6299
6300
6304
6305
6306
6307
6308
6310
6311
6312
6313
6314
6316
6318
6319
6320
6322
6324
6325
6332
6334
6336
6337
6338
6339
6340
6341
6344
6345
6346
6347
6349
6350
6351
6352
6355
6356
6360
6361
6362
6363
6366
6370
6371
6372
6374
6375
6376
6377
6378
6383
6387
6393
6394
6400
6401
6402
6403
6404
6406
6407
6408
6409
6412
6413
6414
6417
6418
6419
6420
6421
6422
6425
6428
6431
6432
6433
6434
6435
6436
6438
6440
6441
6442
6443
6445
6448
6449
6450
6451
6452
6453
6454
6456
6457
6459
6461
6462
6464
6465
6468
6470
6471
6473
6474
6476
6478
6479
6480
6481
6483
6484
6485
6486
6488
6489
6490
6492
6493
6494
6495
6496
6497
6498
6499
6501
6505
6506
6510
6516
6518
6521
6523
6528
6529
6532
6534
6535
6537
6539
6540
6542
6544
6546
6547
6548
6549
6552
6554
6560
6562
6564
6566
6568
6572
6573
6575
6577
6578
6579
6580
6581
6585
6586
6592
6593
6595
6596
6597
6598
6600
6601
6602
6607
6608
6612
6614
6615
6616
6618
6619
6621
6624
6625
6628
6629
6630
6641
6642
6650
6652
6656
6658
6659
6660
6661
6662
6663
6664
6665
6666
6670
6671
6672
6673
6674
6675
6677
6680
6682
6683
6684
6687
6688
6689
6691
6692
6694
6697
6698
6699
6700
6702
6705
6706
6707
6709
6710
6712
6716
6717
6719
6721
6722
6723
6724
6725
6726
6728
6729
6730
6732
6734
6735
6736
6742
6745
6746
6748
6749
6752
6753
6755
6756
6757
6758
6759
6760
6761
6762
6765
6768
6771
6772
6776
6779
6781
6784
6785
6787
6788
6789
6790
6791
6792
6793
6795
6796
6798
6799
6800
6801
6803
6804
6805
6806
6809
6810
6812
6814
6816
6817
6818
6820
6821
6822
6823
6825
6826
6828
6832
6834
6835
6836
6839
6844
6846
6848
6854
6856
6858
6861
6863
6865
6866
6868
6870
6871
6877
6881
6884
6888
6889
6890
6892
6896
6900
6904
6905
6906
6909
6912
6913
6915
6916
6917
6919
6920
6922
6923
6924
6928
6929
6930
6933
6934
6935
6936
6937
6939
6941
6946
6948
6949
6952
6957
6959
6960
6962
6964
6967
6971
6975
6976
6977
6978
6979
6981
6982
6984
6985
6986
6988
6991
6992
6993
6994
6995
6996
7000
7002
7004
7006
7008
7012
7013
7016
7017
7018
7022
7027
7029
7032
7040
7041
7042
7043
7044
7045
7048
7052
7057
7058
7059
7060
7064
7072
7073
7074
7080
7081
7084
7086
7090
7092
7093
7101
7104
7105
7106
7109
7110
7111
7112
7118
7119
7121
7123
7128
7129
7133
7135
7138
7148
7149
7168
7169
7170
7171
7173
7174
7176
7177
7178
7179
7180
7181
7184
7185
7186
7187
7188
7189
7190
7194
7195
7197
7198
7200
7201
7202
7203
7204
7205
7206
7207
7208
7209
7210
7211
7212
7216
7217
7219
7220
7222
7224
7225
7232
7233
7234
7235
7237
7238
7239
7240
7241
7242
7243
7244
7246
7247
7249
7250
7251
7252
7254
7256
7258
7260
7263
7264
7265
7266
7267
7270
7272
7273
7274
7278
7279
7282
7283
7284
7287
7288
7295
7296
7298
7299
7300
7301
7302
7303
7304
7305
7306
7307
7308
7312
7313
7314
7316
7317
7320
7321
7322
7324
7326
7328
7329
7330
7332
7333
7334
7336
7337
7338
7339
7340
7341
7343
7344
7348
7354
7355
7356
7360
7363
7364
7366
7369
7373
7374
7375
7376
7377
7378
7381
7383
7386
7388
7390
7392
7393
7395
7397
7398
7400
7401
7405
7406
7408
7410
7411
7412
7414
7417
7421
7424
7426
7427
7428
7429
7430
7432
7435
7438
7439
7442
7444
7445
7446
7447
7448
7449
7450
7454
7455
7456
7457
7459
7460
7461
7463
7465
7466
7468
7470
7472
7473
7475
7476
7478
7482
7488
7489
7492
7493
7494
7495
7496
7497
7498
7500
7504
7507
7508
7512
7514
7516
7517
7520
7523
7524
7525
7528
7529
7532
7537
7540
7541
7542
7544
7547
7552
7555
7556
7557
7558
7560
7561
7563
7564
7565
7566
7570
7571
7572
7573
7576
7577
7578
7580
7584
7585
7588
7589
7590
7591
7592
7593
7594
7596
7597
7598
7600
7604
7608
7613
7617
7618
7620
7624
7627
7632
7634
7637
7639
7644
7648
7649
7651
7652
7658
7661
7668
7672
7676
7680
7682
7683
7684
7685
7686
7687
7688
7689
7690
7691
7692
7693
7695
7696
7698
7701
7708
7709
7710
7711
7712
7713
7715
7716
7718
7720
7721
7722
7723
7724
7727
7728
7729
7730
7740
7745
7746
7748
7749
7750
7752
7754
7756
7757
7760
7761
7763
7764
7765
7769
7772
7776
7777
7781
7787
7792
7794
7798
7801
7802
7806
7810
7812
7816
7818
7822
7824
7827
7829
7830
7832
7835
7839
7840
7841
7842
7844
7845
7846
7847
7849
7850
7852
7857
7858
7860
7864
7867
7869
7871
7872
7873
7874
7875
7877
7878
7880
7882
7884
7890
7892
7898
7908
7909
7918
7920
7922
7924
7925
7928
7936
7937
7938
7939
7940
7941
7944
7947
7948
7952
7953
7954
7957
7959
7960
7962
7969
7971
7972
7973
7974
7977
7980
7984
7987
8001
8005
8007
8008
8012
8013
8016
8017
8018
8027
8028
8029
8030
8032
8033
8034
8035
8036
8040
8041
8042
8048
8049
8050
8058
8061
8065
8066
8067
8068
8070
8073
8074
8080
8081
8084
8086
8087
8096
8098
8100
8104
8107
8111
8113
8115
8118
8120
8124
8129
8131
8137
8147
8148
8160
8164
8165
8171
8192
8194
8195
8196
8197
8199
8200
8201
8202
8203
8204
8206
8207
8208
8209
8210
8211
8212
8213
8214
8216
8219
8220
8221
8222
8223
8224
8225
8226
8227
8228
8229
8230
8231
8232
8233
8234
8235
8236
8237
8239
8240
8241
8242
8244
8245
8246
8247
8249
8250
8252
8253
8254
8256
8257
8259
8260
8261
8262
8263
8264
8265
8266
8267
8270
8271
8272
8273
8274
8275
8276
8277
8278
8280
8281
8282
8284
8286
8287
8288
8289
8290
8291
8292
8293
8294
8295
8296
8297
8299
8300
8301
8302
8304
8305
8306
8307
8308
8309
8310
8311
8313
8314
8315
8316
8317
8318
8319
8320
8321
8322
8323
8324
8325
8326
8327
8328
8329
8331
8332
8334
8335
8336
8337
8338
8339
8340
8341
8344
8345
8346
8347
8348
8350
8352
8353
8354
8355
8356
8357
8358
8359
8360
8362
8363
8364
8365
8366
8367
8368
8369
8371
8374
8375
8376
8377
8378
8380
8383
8384
8385
8386
8387
8388
8389
8390
8393
8394
8396
8397
8398
8399
8400
8402
8403
8404
8405
8406
8407
8408
8409
8410
8412
8415
8416
8417
8418
8420
8421
8422
8423
8424
8425
8426
8428
8429
8430
8432
8433
8434
8436
8437
8439
8440
8441
8444
8446
8448
8449
8450
8451
8452
8453
8454
8455
8456
8457
8458
8459
8460
8461
8462
8463
8464
8467
8468
8470
8471
8473
8475
8478
8480
8482
8484
8485
8486
8487
8488
8489
8491
8492
8493
8494
8496
8497
8498
8500
8501
8502
8505
8506
8507
8508
8512
8513
8514
8515
8516
8518
8519
8520
8522
8523
8524
8526
8527
8528
8529
8530
8531
8532
8533
8534
8535
8536
8537
8538
8539
8540
8541
8542
8544
8545
8546
8547
8548
8549
8551
8552
8553
8554
8557
8558
8560
8561
8562
8567
8570
8576
8577
8578
8579
8580
8581
8582
8583
8584
8585
8586
8587
8588
8589
8590
8591
8592
8594
8595
8596
8598
8600
8601
8602
8604
8606
8608
8609
8610
8611
8612
8613
8615
8619
8620
8621
8622
8624
8625
8631
8632
8633
8634
8638
8641
8642
8643
8644
8645
8646
8648
8649
8650
8652
8653
8656
8657
8660
8661
8663
8664
8665
8666
8668
8672
8675
8676
8677
8678
8681
8684
8688
8689
8690
8691
8692
8695
8696
8704
8705
8706
8707
8709
8710
8711
8712
8713
8714
8716
8718
8719
8720
8721
8722
8723
8724
8725
8726
8728
8729
8730
8731
8732
8733
8734
8735
8736
8738
8739
8740
8741
8742
8743
8744
8745
8746
8747
8748
8751
8752
8753
8754
8756
8757
8758
8760
8761
8762
8763
8764
8765
8766
8767
8768
8769
8770
8772
8773
8774
8775
8776
8777
8778
8779
8780
8781
8782
8784
8785
8786
8788
8789
8790
8793
8794
8795
8796
8797
8799
8800
8801
8802
8804
8805
8807
8809
8810
8811
8813
8814
8818
8819
8820
8821
8822
8824
8828
8832
8833
8834
8835
8836
8839
8840
8841
8842
8843
8844
8845
8846
8847
8848
8849
8851
8852
8855
8858
8859
8862
8864
8866
8867
8868
8869
8870
8871
8872
8873
8874
8877
8878
8880
8883
8884
8885
8888
8889
8890
8893
8896
8897
8898
8899
8900
8901
8905
8907
8908
8909
8913
8914
8916
8919
8920
8921
8922
8923
8926
8928
8929
8930
8933
8936
8937
8941
8942
8943
8944
8946
8948
8949
8950
8952
8955
8956
8961
8962
8963
8964
8965
8966
8967
8968
8969
8970
8971
8972
8973
8974
8976
8977
8978
8979
8980
8981
8983
8984
8985
8986
8987
8988
8989
8990
8992
8993
8994
8995
8996
8999
9000
9003
9004
9005
9006
9007
9008
9009
9010
9011
9012
9013
9015
9016
9018
9020
9024
9025
9026
9027
9029
9030
9031
9032
9033
9034
9035
9036
9038
9039
9040
9041
9044
9045
9047
9048
9050
9051
9052
9053
9057
9060
9064
9065
9066
9067
9068
9069
9070
9071
9072
9073
9076
9078
9080
9085
9088
9089
9090
9092
9093
9094
9096
9097
9098
9099
9100
9104
9107
9108
9109
9114
9116
9118
9120
9121
9123
9125
9130
9131
9132
9134
9136
9137
9138
9140
9144
9146
9148
9150
9152
9153
9154
9156
9157
9162
9164
9165
9166
9167
9168
9170
9172
9175
9176
9177
9180
9184
9186
9187
9188
9190
9192
9193
9194
9200
9202
9203
9205
9209
9210
9214
9216
9217
9218
9219
9220
9221
9222
9224
9225
9226
9227
9228
9229
9230
9231
9232
9233
9234
9239
9240
9241
9242
9243
9244
9245
9246
9247
9248
9249
9250
9251
9252
9253
9254
9255
9256
9257
9258
9260
9262
9263
9264
9265
9266
9267
9268
9269
9270
9271
9272
9274
9276
9280
9281
9282
9284
9285
9286
9287
9288
9289
9290
9291
9292
9293
9295
9296
9297
9300
9301
9303
9304
9306
9309
9310
9311
9312
9313
9314
9315
9316
9318
9319
9320
9321
9324
9325
9326
9327
9328
9329
9331
9332
9333
9334
9335
9336
9340
9342
9344
9345
9346
9347
9349
9350
9355
9356
9357
9358
9360
9361
9362
9363
9364
9365
9366
9368
9369
9370
9371
9372
9376
9378
9379
9380
9381
9383
9384
9386
9387
9388
9390
9391
9392
9393
9394
9395
9396
9397
9398
9400
9401
9405
9406
9409
9410
9411
9412
9413
9415
9416
9417
9420
9424
9427
9428
9429
9431
9432
9433
9434
9437
9438
9440
9443
9444
9445
9447
9448
9449
9452
9457
9459
9460
9461
9464
9466
9473
9474
9475
9476
9477
9478
9480
9481
9482
9483
9484
9485
9486
9487
9488
9489
9490
9491
9492
9494
9495
9496
9499
9500
9501
9502
9503
9504
9506
9507
9508
9510
9512
9513
9515
9516
9517
9518
9519
9520
9521
9523
9524
9528
9530
9531
9532
9533
9534
9536
9538
9542
9544
9546
9547
9548
9552
9553
9555
9556
9558
9562
9565
9568
9571
9572
9573
9576
9578
9581
9584
9585
9586
9589
9591
9592
9593
9594
9596
9598
9600
9601
9602
9603
9604
9605
9607
9610
9611
9612
9614
9616
9617
9618
9619
9620
9622
9625
9628
9630
9632
9633
9634
9635
9636
9637
9638
9641
9642
9644
9645
9647
9648
9649
9654
9658
9660
9662
9663
9664
9665
9666
9667
9668
9669
9672
9673
9674
9675
9680
9681
9682
9683
9684
9685
9694
9697
9698
9699
9700
9701
9704
9712
9714
9715
9716
9718
9722
9724
9728
9729
9730
9731
9732
9733
9734
9735
9737
9739
9740
9741
9742
9743
9744
9745
9746
9748
9750
9752
9753
9756
9757
9758
9760
9761
9762
9763
9764
9766
9767
9768
9769
9770
9771
9772
9773
9774
9776
9777
9778
9784
9786
9788
9790
9792
9794
9795
9796
9797
9798
9799
9801
9802
9805
9808
9810
9811
9813
9815
9816
9817
9818
9819
9821
9824
9825
9826
9828
9829
9832
9834
9836
9840
9841
9842
9844
9845
9846
9848
9852
9856
9857
9858
9859
9860
9861
9862
9864
9865
9867
9868
9869
9870
9872
9873
9874
9875
9876
9878
9880
9885
9886
9888
9890
9891
9892
9895
9899
9901
9904
9905
9906
9907
9908
9909
9912
9916
9920
9921
9922
9923
9924
9925
9928
9929
9930
9932
9938
9939
9940
9949
9953
9954
9955
9957
9961
9963
9965
9968
9970
9971
9974
9977
9984
9985
9987
9988
9990
9992
9993
9994
9996
9997
9998
10000
10001
10002
10003
10004
10007
10008
10010
10012
10014
10016
10017
10018
10019
10020
10021
10022
10024
10026
10027
10028
10029
10030
10032
10033
10036
10037
10038
10039
10042
10043
10044
10048
10049
10050
10051
10052
10058
10059
10060
10064
10066
10068
10069
10072
10074
10076
10080
10082
10085
10086
10092
10096
10098
10099
10104
10108
10112
10113
10114
10115
10117
10119
10120
10121
10124
10130
10131
10132
10135
10137
10141
10143
10146
10147
10149
10150
10151
10155
10156
10164
10168
10169
10172
10176
10177
10181
10182
10184
10190
10192
10194
10195
10201
10203
10204
10207
10208
10210
10216
10218
10221
10222
10224
10229
10231
10240
10241
10242
10243
10244
10245
10246
10247
10249
10250
10251
10252
10253
10254
10255
10256
10258
10259
10261
10262
10263
10264
10266
10267
10269
10270
10272
10273
10274
10275
10276
10277
10279
10280
10281
10282
10284
10285
10286
10287
10288
10289
10291
10292
10293
10295
10296
10298
10299
10301
10303
10304
10305
10306
10307
10308
10309
10310
10312
10313
10314
10316
10317
10318
10319
10320
10322
10323
10324
10326
10328
10329
10330
10332
10334
10335
10336
10338
10339
10340
10342
10343
10344
10346
10347
10348
10349
10351
10352
10353
10354
10355
10357
10358
10360
10361
10362
10363
10364
10366
10369
10370
10371
10372
10373
10374
10375
10376
10377
10378
10379
10381
10382
10383
10384
10385
10386
10392
10393
10394
10395
10396
10398
10400
10401
10402
10403
10404
10406
10408
10409
10411
10412
10413
10414
10415
10417
10418
10420
10421
10422
10424
10426
10428
10429
10431
10432
10433
10434
10435
10436
10438
10440
10442
10450
10451
10452
10453
10454
10455
10456
10457
10458
10460
10462
10464
10465
10466
10467
10468
10469
10471
10472
10473
10474
10475
10476
10477
10478
10481
10482
10484
10487
10488
10490
10491
10492
10496
10497
10498
10499
10500
10501
10502
10503
10504
10505
10506
10510
10511
10514
10515
10516
10517
10518
10519
10520
10521
10522
10524
10525
10528
10529
10530
10532
10533
10534
10535
10536
10537
10539
10540
10542
10544
10550
10551
10552
10553
10554
10555
10558
10559
10560
10561
10563
10564
10565
10568
10570
10572
10573
10574
10575
10576
10577
10578
10580
10581
10584
10589
10592
10594
10596
10597
10599
10600
10601
10603
10604
10607
10608
10609
10611
10612
10616
10617
10620
10624
10625
10626
10627
10628
10629
10632
10633
10634
10635
10636
10637
10639
10641
10646
10648
10650
10651
10652
10654
10655
10656
10657
10659
10660
10662
10663
10664
10666
10668
10670
10671
10672
10673
10674
10676
10677
10678
10680
10684
10688
10690
10691
10692
10694
10695
10696
10697
10699
10700
10702
10703
10704
10706
10707
10709
10710
10712
10715
10716
10718
10719
10720
10722
10724
10728
10731
10737
10738
10748
10751
10752
10753
10754
10755
10757
10759
10760
10762
10763
10767
10768
10769
10771
10772
10773
10774
10775
10776
10777
10778
10779
10780
10781
10783
10784
10786
10788
10789
10790
10792
10793
10794
10797
10799
10800
10801
10802
10804
10805
10806
10808
10810
10813
10817
10818
10820
10821
10822
10823
10824
10830
10832
10833
10834
10835
10839
10840
10841
10842
10843
10844
10845
10848
10849
10851
10852
10853
10855
10856
10858
10860
10864
10866
10868
10873
10874
10875
10877
10880
10881
10882
10883
10884
10885
10886
10888
10889
10890
10892
10893
10894
10896
10898
10899
10902
10905
10906
10908
10912
10913
10914
10915
10916
10917
10918
10919
10925
10926
10928
10931
10933
10934
10939
10942
10944
10946
10947
10948
10949
10950
10952
10953
10958
10960
10962
10964
10965
10968
10972
10974
10977
10978
10979
10980
10984
10992
10993
11004
11008
11009
11010
11012
11013
11014
11016
11017
11021
11022
11024
11025
11026
11028
11029
11033
11034
11037
11040
11043
11044
11045
11046
11056
11060
11061
11062
11064
11066
11067
11068
11070
11072
11073
11076
11080
11084
11087
11088
11089
11090
11091
11093
11095
11101
11104
11105
11106
11107
11109
11110
11112
11113
11114
11130
11132
11136
11138
11139
11140
11142
11144
11145
11148
11154
11157
11160
11161
11164
11166
11170
11179
11184
11186
11196
11204
11212
11213
11217
11218
11219
11220
11221
11228
11232
11234
11237
11244
11248
11254
11264
11265
11266
11267
11268
11269
11270
11272
11273
11274
11275
11277
11278
11279
11280
11281
11282
11284
11285
11286
11288
11290
11292
11293
11294
11295
11298
11299
11300
11301
11304
11305
11307
11308
11309
11310
11312
11313
11315
11317
11318
11322
11324
11326
11327
11328
11329
11330
11332
11336
11338
11340
11341
11344
11346
11347
11349
11350
11352
11359
11360
11361
11362
11363
11364
11366
11368
11376
11377
11378
11380
11381
11382
11384
11385
11392
11393
11396
11397
11398
11399
11402
11403
11404
11405
11407
11408
11409
11410
11412
11414
11416
11418
11420
11423
11424
11425
11426
11427
11428
11431
11432
11433
11434
11440
11441
11442
11444
11445
11447
11448
11449
11454
11456
11457
11458
11459
11460
11462
11464
11466
11473
11474
11475
11476
11477
11478
11479
11481
11484
11488
11489
11491
11492
11494
11500
11504
11507
11511
11512
11514
11515
11520
11521
11522
11523
11524
11526
11528
11529
11531
11532
11534
11537
11538
11539
11542
11544
11547
11549
11550
11552
11553
11554
11556
11560
11561
11562
11564
11565
11568
11570
11572
11573
11574
11575
11576
11584
11585
11586
11589
11590
11592
11593
11594
11596
11598
11600
11603
11604
11612
11613
11615
11616
11617
11618
11620
11624
11628
11637
11641
11648
11649
11650
11651
11652
11653
11654
11656
11657
11660
11664
11667
11670
11673
11674
11680
11682
11683
11684
11689
11693
11696
11697
11704
11706
11710
11712
11714
11715
11716
11719
11720
11722
11724
11728
11729
11730
11732
11734
11737
11738
11745
11753
11756
11760
11770
11772
11776
11777
11778
11779
11780
11781
11782
11783
11785
11787
11788
11789
11793
11794
11795
11797
11800
11802
11803
11804
11805
11806
11808
11809
11810
11812
11814
11816
11818
11820
11822
11824
11825
11829
11832
11834
11836
11839
11841
11844
11845
11848
11849
11851
11854
11856
11860
11862
11864
11868
11870
11873
11874
11876
11877
11878
11881
11882
11883
11885
11888
11889
11891
11904
11905
11908
11910
11911
11915
11918
11920
11922
11925
11927
11928
11936
11937
11940
11941
11942
11944
11946
11948
11950
11952
11965
11968
11969
11972
11976
11980
11981
11984
11986
11989
11992
12002
12004
12008
12009
12028
12032
12033
12034
12035
12038
12039
12040
12041
12042
12045
12046
12048
12053
12054
12055
12056
12057
12061
12062
12064
12066
12067
12068
12069
12070
12072
12073
12076
12078
12082
12097
12100
12101
12102
12111
12113
12117
12120
12125
12128
12129
12130
12131
12136
12137
12141
12144
12145
12146
12160
12161
12163
12164
12165
12168
12171
12172
12184
12185
12187
12189
12192
12194
12195
12203
12209
12215
12217
12218
12221
12225
12228
12232
12251
12256
12257
12272
12288
12289
12290
12291
12292
12293
12294
12296
12297
12298
12299
12300
12301
12302
12304
12305
12306
12307
12308
12309
12311
12312
12313
12314
12316
12317
12319
12320
12321
12322
12323
12326
12328
12329
12331
12332
12333
12334
12336
12337
12338
12340
12341
12342
12344
12345
12346
12347
12348
12349
12350
12351
12352
12353
12354
12355
12356
12357
12358
12359
12360
12361
12362
12364
12365
12366
12367
12368
12369
12370
12372
12373
12375
12379
12380
12382
12383
12384
12385
12386
12388
12389
12390
12391
12392
12396
12397
12398
12400
12401
12402
12404
12405
12406
12408
12410
12412
12416
12417
12418
12419
12420
12421
12422
12423
12424
12425
12427
12428
12429
12430
12432
12433
12434
12436
12438
12439
12440
12441
12442
12443
12444
12446
12448
12449
12450
12452
12453
12454
12455
12456
12457
12462
12463
12464
12467
12469
12471
12472
12473
12474
12476
12478
12479
12480
12481
12483
12484
12485
12488
12489
12490
12491
12492
12493
12495
12496
12498
12499
12500
12503
12505
12506
12509
12516
12517
12518
12519
12520
12521
12522
12523
12524
12526
12528
12530
12532
12533
12534
12535
12536
12537
12538
12540
12541
12544
12545
12546
12547
12548
12550
12552
12553
12555
12556
12557
12559
12560
12561
12562
12563
12564
12565
12566
12567
12568
12569
12570
12574
12575
12576
12577
12578
12579
12580
12581
12582
12583
12584
12585
12587
12588
12591
12592
12593
12594
12596
12597
12599
12600
12601
12602
12608
12609
12610
12611
12612
12613
12616
12617
12618
12619
12620
12621
12623
12624
12625
12626
12628
12630
12631
12632
12634
12636
12638
12640
12642
12643
12645
12646
12652
12656
12657
12658
12661
12664
12668
12670
12672
12673
12674
12675
12676
12677
12678
12679
12680
12682
12683
12684
12685
12686
12688
12689
12690
12691
12694
12697
12698
12700
12701
12704
12705
12706
12709
12710
12711
12712
12713
12714
12716
12720
12721
12724
12726
12730
12731
12732
12738
12739
12740
12744
12745
12746
12747
12750
12754
12755
12761
12762
12764
12768
12769
12776
12781
12785
12790
12800
12801
12802
12804
12806
12808
12810
12811
12812
12813
12814
12816
12817
12818
12819
12820
12821
12824
12825
12827
12828
12829
12830
12831
12834
12835
12837
12838
12842
12843
12844
12845
12846
12849
12850
12851
12854
12855
12856
12860
12861
12862
12865
12866
12867
12868
12869
12871
12872
12873
12874
12875
12877
12880
12881
12882
12884
12886
12889
12893
12894
12895
12896
12898
12899
12900
12902
12904
12906
12909
12912
12913
12915
12916
12920
12922
12924
12930
12932
12935
12936
12937
12938
12939
12940
12941
12942
12944
12945
12946
12948
12949
12951
12952
12954
12956
12957
12959
12960
12961
12963
12964
12968
12969
12976
12977
12981
12985
12988
12989
12992
12993
12994
12996
12997
12998
13000
13001
13002
13003
13004
13005
13007
13008
13010
13011
13012
13013
13014
13016
13018
13020
13025
13028
13031
13034
13040
13042
13043
13048
13052
13053
13057
13058
13059
13060
13061
13062
13064
13065
13066
13067
13068
13069
13070
13072
13074
13075
13076
13078
13081
13082
13083
13087
13088
13089
13090
13091
13092
13094
13095
13096
13097
13098
13103
13105
13107
13110
13112
13113
13114
13115
13118
13120
13121
13122
13123
13124
13125
13128
13129
13130
13136
13137
13138
13140
13142
13147
13148
13151
13152
13153
13158
13159
13162
13163
13164
13166
13169
13170
13171
13172
13173
13176
13177
13181
13184
13186
13188
13189
13190
13191
13192
13193
13194
13198
13199
13200
13203
13204
13206
13210
13211
13212
13216
13217
13218
13219
13221
13224
13226
13228
13229
13238
13240
13247
13248
13249
13250
13252
13253
13254
13256
13259
13260
13268
13274
13285
13287
13294
13297
13300
13304
13312
13313
13314
13315
13316
13317
13318
13319
13320
13323
13324
13325
13327
13329
13330
13331
13332
13333
13334
13335
13336
13337
13339
13340
13341
13342
13343
13344
13346
13347
13348
13349
13350
13351
13352
13353
13354
13356
13358
13361
13362
13365
13366
13367
13368
13369
13371
13372
13373
13375
13376
13377
13379
13380
13382
13383
13385
13386
13388
13390
13395
13396
13397
13398
13399
13400
13401
13402
13405
13406
13408
13410
13411
13412
13414
13416
13418
13420
13425
13426
13429
13432
13440
13441
13443
13445
13448
13450
13452
13453
13454
13456
13457
13458
13460
13462
13466
13468
13469
13471
13472
13473
13474
13475
13476
13477
13478
13481
13483
13488
13490
13493
13496
13502
13504
13506
13507
13508
13510
13513
13514
13515
13516
13518
13519
13522
13524
13525
13528
13529
13534
13536
13537
13538
13539
13541
13542
13544
13545
13548
13550
13554
13556
13563
13568
13569
13571
13572
13573
13577
13578
13581
13583
13584
13586
13587
13588
13589
13592
13595
13599
13600
13602
13604
13605
13606
13609
13610
13612
13613
13614
13616
13617
13618
13622
13625
13630
13632
13633
13635
13638
13639
13650
13652
13654
13657
13662
13667
13670
13672
13673
13674
13680
13681
13684
13696
13697
13698
13699
13700
13701
13702
13704
13708
13710
13716
13717
13718
13728
13730
13733
13734
13735
13736
13740
13741
13747
13756
13760
13762
13763
13764
13766
13767
13768
13771
13776
13777
13778
13785
13792
13795
13796
13798
13801
13803
13808
13814
13818
13824
13825
13826
13827
13828
13829
13830
13832
13833
13834
13836
13837
13841
13844
13845
13848
13850
13852
13854
13856
13859
13862
13864
13865
13868
13870
13871
13876
13880
13888
13889
13890
13893
13894
13895
13896
13898
13900
13902
13903
13907
13908
13913
13915
13920
13923
13924
13925
13929
13930
13931
13933
13940
13950
13952
13953
13954
13955
13956
13957
13960
13962
13963
13964
13966
13968
13969
13973
13976
13980
13985
14001
14006
14009
14012
14019
14020
14021
14024
14028
14032
14033
14038
14040
14049
14050
14053
14054
14064
14065
14074
14080
14082
14083
14084
14088
14089
14090
14091
14097
14098
14100
14101
14106
14108
14112
14113
14114
14115
14116
14119
14121
14122
14128
14131
14132
14136
14139
14144
14146
14147
14148
14150
14152
14154
14160
14167
14173
14176
14179
14189
14197
14200
14208
14209
14212
14213
14214
14217
14218
14220
14222
14226
14234
14240
14244
14248
14257
14258
14259
14272
14275
14282
14290
14292
14294
14296
14305
14310
14312
14316
14320
14323
14330
14334
14336
14337
14338
14339
14340
14341
14342
14343
14344
14346
14347
14348
14349
14350
14351
14352
14353
14355
14356
14357
14358
14360
14361
14362
14363
14364
14365
14366
14367
14368
14369
14370
14371
14374
14376
14378
14379
14380
14384
14385
14387
14388
14390
14392
14394
14396
14400
14401
14402
14405
14406
14408
14409
14410
14411
14412
14413
14414
14416
14418
14419
14422
14425
14426
14427
14429
14430
14433
14436
14437
14438
14439
14442
14443
14448
14456
14457
14460
14464
14465
14466
14467
14468
14469
14470
14471
14472
14473
14476
14477
14481
14482
14483
14484
14487
14489
14492
14493
14494
14496
14497
14498
14499
14502
14504
14506
14508
14510
14512
14513
14514
14515
14516
14520
14522
14524
14525
14528
14533
14534
14535
14536
14538
14547
14548
14556
14560
14561
14562
14563
14564
14565
14571
14579
14585
14588
14592
14593
14594
14595
14596
14597
14598
14600
14601
14602
14603
14605
14607
14608
14609
14613
14614
14616
14618
14620
14625
14627
14628
14631
14633
14637
14640
14641
14642
14643
14648
14650
14653
14656
14657
14658
14660
14662
14664
14666
14668
14669
14672
14676
14680
14688
14689
14690
14692
14693
14696
14700
14704
14705
14706
14709
14710
14711
14713
14714
14720
14722
14723
14724
14726
14727
14730
14735
14736
14738
14740
14745
14746
14751
14752
14753
14754
14756
14758
14763
14766
14768
14770
14771
14774
14776
14782
14784
14785
14786
14789
14790
14792
14795
14798
14800
14804
14808
14816
14817
14820
14821
14824
14826
14836
14848
14850
14851
14852
14853
14855
14857
14859
14862
14865
14867
14868
14869
14871
14872
14879
14880
14881
14882
14883
14884
14885
14887
14888
14891
14892
14893
14896
14900
14901
14902
14905
14906
14908
14912
14913
14916
14917
14918
14919
14922
14923
14924
14927
14929
14930
14932
14934
14935
14937
14940
14943
14946
14948
14950
14953
14955
14963
14964
14968
14969
14977
14978
14979
14980
14983
14985
14986
14988
14990
14992
14994
14996
15000
15001
15004
15005
15008
15009
15010
15011
15012
15013
15015
15018
15019
15021
15024
15025
15026
15028
15036
15039
15041
15042
15046
15050
15054
15055
15058
15062
15070
15074
15076
15078
15083
15084
15085
15086
15092
15096
15104
15105
15106
15108
15112
15116
15120
15122
15127
15131
15134
15136
15137
15138
15141
15144
15145
15146
15152
15157
15164
15168
15170
15172
15173
15179
15180
15182
15190
15192
15194
15197
15200
15201
15204
15206
15228
15232
15233
15234
15236
15237
15238
15239
15240
15248
15250
15251
15255
15258
15265
15270
15272
15283
15285
15288
15296
15297
15300
15304
15312
15316
15328
15330
15338
15350
15353
15360
15361
15362
15363
15364
15365
15366
15367
15368
15369
15370
15371
15373
15376
15377
15378
15379
15380
15381
15384
15387
15390
15392
15393
15396
15397
15398
15399
15400
15401
15402
15403
15404
15405
15409
15412
15413
15414
15416
15420
15424
15428
15430
15431
15432
15434
15436
15440
15441
15450
15453
15456
15458
15459
15460
15462
15472
15475
15476
15480
15488
15489
15491
15492
15493
15494
15498
15504
15505
15508
15509
15511
15512
15513
15515
15516
15520
15523
15526
15528
15534
15536
15538
15541
15545
15549
15552
15553
15554
15556
15558
15561
15566
15568
15574
15580
15586
15588
15592
15600
15616
15617
15619
15620
15622
15623
15624
15625
15626
15627
15629
15630
15632
15633
15635
15639
15640
15641
15644
15645
15648
15649
15652
15654
15656
15657
15660
15664
15665
15668
15670
15672
15675
15677
15683
15686
15692
15694
15696
15700
15708
15710
15712
15713
15716
15719
15720
15724
15725
15726
15728
15730
15732
15737
15739
15745
15747
15748
15749
15750
15752
15753
15755
15756
15760
15762
15765
15769
15770
15776
15778
15779
15784
15785
15786
15793
15795
15796
15810
15812
15813
15817
15824
15826
15827
15829
15838
15860
15862
15868
15872
15874
15875
15876
15878
15879
15880
15882
15884
15886
15887
15890
15891
15892
15894
15898
15900
15902
15903
15904
15905
15910
15912
15916
15921
15922
15927
15932
15937
15944
15946
15953
15955
15959
15969
15973
15978
15984
15985
15989
15991
16001
16004
16008
16010
16014
16020
16023
16026
16032
16036
16038
16040
16045
16050
16051
16052
16054
16067
16069
16080
16084
16095
16096
16098
16108
16113
16119
16122
16126
16129
16130
16132
16134
16136
16137
16140
16144
16146
16147
16162
16164
16167
16172
16176
16183
16184
16188
16194
16195
16197
16201
16202
16204
16208
16209
16210
16216
16225
16226
16238
16240
16241
16253
16258
16265
16267
16272
16273
16282
16288
16289
16300
16309
16316
16320
16324
16326
16336
16344
16356
16384
16385
16386
16387
16388
16389
16390
16391
16392
16393
16395
16396
16397
16398
16399
16400
16401
16402
16403
16404
16405
16406
16407
16408
16409
16410
16411
16412
16413
16414
16415
16416
16417
16421
16422
16423
16424
16425
16426
16427
16428
16429
16430
16432
16433
16435
16436
16437
16438
16440
16441
16442
16444
16446
16448
16449
16450
16451
16452
16453
16454
16455
16456
16457
16458
16459
16460
16462
16464
16465
16466
16467
16470
16471
16472
16474
16475
16476
16479
16480
16482
16483
16484
16485
16486
16487
16488
16489
16490
16491
16492
16494
16495
16496
16497
16499
16500
16502
16504
16505
16506
16507
16508
16511
16512
16513
16514
16515
16516
16518
16519
16520
16521
16523
16524
16528
16529
16530
16531
16532
16533
16534
16535
16537
16539
16540
16541
16544
16545
16546
16547
16548
16550
16551
16552
16553
16554
16555
16556
16557
16559
16560
16561
16562
16563
16564
16565
16566
16568
16569
16570
16571
16572
16574
16575
16576
16577
16578
16579
16580
16581
16582
16584
16585
16586
16588
16589
16590
16592
16593
16594
16596
16598
16600
16601
16602
16603
16604
16606
16607
16608
16610
16614
16615
16616
16617
16618
16619
16620
16621
16622
16626
16632
16633
16634
16635
16637
16638
16640
16641
16642
16643
16644
16646
16647
16648
16649
16650
16652
16654
16655
16656
16657
16658
16659
16661
16662
16663
16664
16665
16666
16667
16668
16669
16670
16672
16673
16674
16675
16676
16677
16678
16679
16682
16683
16684
16687
16688
16689
16690
16691
16693
16694
16695
16696
16697
16701
16704
16705
16706
16707
16708
16709
16710
16712
16713
16714
16716
16717
16718
16720
16721
16723
16724
16726
16727
16728
16729
16730
16731
16733
16735
16736
16737
16738
16739
16740
16741
16742
16743
16744
16747
16748
16752
16753
16754
16755
16758
16759
16762
16764
16766
16768
16769
16770
16771
16772
16773
16774
16775
16776
16779
16780
16781
16782
16784
16785
16788
16790
16791
16792
16794
16795
16798
16800
16803
16804
16805
16806
16807
16808
16809
16810
16812
16813
16816
16817
16818
16819
16820
16824
16825
16826
16833
16835
16836
16837
16838
16839
16840
16842
16843
16844
16845
16846
16848
16849
16850
16853
16856
16860
16861
16864
16866
16867
16868
16869
16871
16872
16874
16877
16878
16881
16884
16885
16886
16895
16896
16897
16898
16899
16900
16901
16902
16903
16904
16905
16906
16907
16908
16909
16910
16912
16914
16915
16916
16917
16918
16919
16920
16922
16923
16924
16925
16928
16929
16931
16932
16933
16934
16935
16936
16938
16939
16940
16941
16942
16943
16944
16945
16946
16947
16948
16949
16950
16951
16952
16956
16957
16958
16960
16961
16962
16963
16967
16968
16969
16970
16971
16973
16974
16976
16977
16978
16979
16980
16981
16982
16984
16985
16986
16988
16990
16992
16993
16994
16996
16997
16998
16999
17000
17001
17002
17003
17004
17005
17006
17008
17009
17010
17011
17014
17015
17019
17020
17021
17023
17024
17025
17026
17027
17028
17029
17030
17032
17033
17034
17037
17038
17039
17040
17042
17043
17045
17047
17048
17049
17050
17052
17054
17055
17056
17057
17058
17059
17060
17061
17062
17063
17064
17066
17069
17071
17072
17073
17074
17075
17076
17077
17080
17081
17082
17083
17084
17085
17088
17089
17090
17091
17093
17094
17096
17098
17101
17102
17103
17104
17105
17107
17114
17115
17117
17121
17122
17123
17124
17125
17126
17127
17129
17130
17132
17135
17136
17137
17138
17140
17143
17144
17145
17152
17153
17154
17155
17156
17157
17158
17159
17160
17161
17162
17163
17164
17165
17168
17169
17170
17171
17172
17173
17174
17175
17176
17177
17179
17182
17183
17184
17185
17186
17187
17188
17190
17192
17193
17195
17199
17200
17201
17202
17204
17207
17208
17209
17212
17214
17215
17216
17217
17220
17221
17224
17225
17226
17227
17229
17230
17232
17234
17236
17238
17240
17242
17243
17249
17250
17252
17254
17255
17258
17259
17260
17262
17264
17266
17267
17268
17270
17271
17272
17274
17280
17281
17282
17283
17284
17285
17286
17289
17290
17293
17296
17297
17298
17300
17303
17304
17306
17307
17312
17313
17314
17318
17328
17336
17337
17340
17344
17345
17346
17348
17357
17358
17360
17362
17364
17365
17366
17368
17369
17371
17372
17373
17376
17378
17385
17386
17390
17392
17395
17400
17406
17408
17409
17410
17411
17412
17413
17414
17416
17417
17418
17419
17420
17421
17422
17423
17424
17425
17426
17429
17432
17433
17434
17435
17436
17437
17438
17439
17440
17441
17442
17443
17445
17447
17448
17449
17451
17452
17454
17456
17457
17459
17460
17463
17464
17468
17469
17472
17473
17474
17475
17476
17479
17480
17481
17482
17484
17485
17486
17488
17489
17490
17493
17496
17497
17498
17500
17501
17502
17504
17505
17506
17507
17508
17511
17513
17515
17516
17517
17520
17521
17522
17523
17527
17528
17529
17531
17532
17533
17534
17536
17537
17538
17540
17541
17542
17544
17545
17546
17547
17548
17550
17551
17552
17553
17554
17555
17556
17557
17559
17560
17563
17567
17568
17569
17571
17572
17573
17575
17576
17578
17579
17580
17581
17585
17587
17588
17589
17590
17591
17592
17593
17596
17602
17603
17604
17605
17606
17610
17611
17612
17613
17614
17615
17617
17618
17619
17620
17622
17624
17626
17632
17633
17634
17636
17637
17638
17640
17641
17642
17648
17651
17652
17654
17655
17656
17657
17658
17664
17665
17667
17668
17669
17670
17672
17673
17674
17675
17676
17677
17680
17681
17682
17683
17684
17685
17686
17688
17689
17691
17692
17693
17694
17696
17697
17699
17700
17701
17702
17704
17705
17706
17707
17708
17709
17710
17711
17712
17713
17714
17715
17716
17717
17718
17719
17720
17721
17724
17725
17728
17730
17732
17733
17734
17735
17736
17737
17738
17739
17740
17741
17743
17744
17746
17747
17748
17750
17751
17757
17760
17762
17763
17764
17768
17769
17770
17774
17777
17778
17780
17782
17785
17786
17787
17789
17791
17792
17793
17794
17795
17796
17797
17798
17800
17801
17802
17805
17806
17808
17810
17811
17812
17813
17814
17817
17824
17825
17827
17828
17829
17831
17832
17833
17839
17840
17842
17843
17844
17846
17847
17849
17851
17852
17856
17857
17858
17859
17861
17864
17865
17866
17867
17868
17869
17873
17878
17879
17880
17882
17888
17889
17890
17895
17896
17898
17904
17906
17907
17908
17909
17914
17917
17920
17921
17922
17923
17924
17926
17927
17928
17929
17930
17932
17934
17935
17936
17938
17939
17942
17944
17945
17946
17947
17949
17953
17954
17956
17957
17958
17960
17961
17962
17964
17965
17966
17967
17968
17969
17972
17973
17976
17978
17979
17980
17982
17983
17984
17985
17986
17988
17989
17990
17991
17992
17993
17994
17997
17998
17999
18000
18002
18003
18004
18005
18007
18008
18009
18010
18011
18013
18018
18019
18021
18024
18027
18029
18032
18035
18036
18044
18048
18049
18050
18051
18052
18053
18054
18055
18061
18062
18064
18065
18066
18067
18068
18069
18071
18074
18075
18077
18078
18080
18081
18082
18083
18085
18086
18087
18088
18091
18093
18096
18097
18098
18099
18100
18103
18107
18108
18109
18112
18116
18122
18125
18127
18128
18131
18132
18134
18137
18140
18144
18147
18149
18156
18157
18164
18166
18169
18175
18176
18177
18178
18179
18180
18181
18183
18184
18185
18186
18187
18188
18190
18191
18192
18193
18194
18195
18196
18197
18198
18199
18201
18202
18204
18205
18208
18209
18211
18216
18221
18222
18224
18228
18229
18230
18231
18232
18233
18234
18236
18240
18242
18243
18244
18245
18248
18251
18256
18258
18264
18265
18269
18273
18274
18275
18276
18278
18282
18284
18288
18290
18300
18304
18305
18309
18312
18313
18315
18316
18317
18320
18321
18323
18324
18336
18339
18340
18346
18349
18352
18353
18360
18364
18368
18369
18370
18371
18374
18376
18380
18381
18382
18384
18386
18389
18395
18396
18400
18402
18404
18411
18412
18416
18432
18434
18435
18436
18437
18438
18439
18441
18442
18444
18446
18448
18450
18451
18452
18453
18455
18456
18457
18458
18459
18460
18461
18463
18464
18465
18466
18467
18468
18469
18470
18471
18472
18473
18475
18476
18477
18478
18479
18480
18481
18482
18483
18484
18485
18486
18487
18488
18489
18490
18491
18493
18494
18495
18496
18499
18500
18501
18502
18503
18504
18505
18506
18507
18508
18510
18511
18512
18513
18514
18515
18516
18517
18518
18520
18521
18522
18524
18527
18528
18529
18530
18532
18533
18534
18535
18536
18537
18538
18539
18540
18541
18544
18545
18546
18547
18548
18549
18550
18552
18553
18554
18555
18556
18557
18558
18560
18561
18562
18563
18564
18565
18566
18568
18569
18570
18571
18572
18573
18576
18577
18579
18581
18582
18583
18584
18585
18586
18587
18589
18590
18592
18593
18594
18595
18596
18598
18599
18600
18601
18602
18604
18606
18608
18610
18611
18612
18614
18615
18616
18618
18620
18621
18625
18626
18627
18628
18629
18630
18632
18633
18634
18636
18638
18641
18643
18644
18645
18647
18648
18649
18652
18653
18654
18656
18657
18658
18659
18660
18662
18664
18665
18666
18668
18672
18675
18677
18678
18679
18681
18682
18683
18684
18688
18689
18690
18691
18692
18693
18694
18695
18696
18697
18698
18699
18700
18701
18704
18705
18706
18708
18709
18710
18713
18714
18715
18717
18720
18721
18722
18724
18725
18726
18727
18728
18730
18731
18732
18733
18735
18736
18737
18738
18740
18742
18743
18747
18748
18752
18753
18754
18755
18757
18758
18762
18763
18764
18765
18766
18768
18769
18770
18771
18772
18773
18776
18777
18778
18780
18782
18784
18785
18786
18787
18788
18792
18793
18795
18796
18797
18800
18802
18803
18804
18805
18806
18808
18812
18816
18817
18818
18819
18820
18821
18823
18824
18827
18829
18833
18836
18840
18841
18842
18844
18847
18848
18849
18852
18854
18855
18861
18862
18864
18866
18872
18873
18874
18876
18880
18881
18882
18883
18884
18886
18887
18888
18889
18894
18896
18897
18900
18902
18904
18905
18907
18913
18914
18915
18916
18917
18920
18921
18924
18930
18932
18933
18934
18935
18937
18938
18941
18942
18944
18945
18946
18947
18948
18949
18950
18951
18952
18953
18954
18956
18957
18958
18960
18961
18962
18963
18964
18965
18967
18968
18969
18970
18971
18977
18978
18980
18981
18982
18983
18985
18986
18988
18989
18990
18991
18992
18993
18994
18995
18996
19001
19002
19004
19008
19009
19010
19011
19012
19013
19014
19016
19017
19024
19025
19026
19028
19030
19032
19033
19034
19036
19038
19040
19042
19044
19046
19048
19050
19052
19053
19056
19057
19058
19060
19061
19062
19063
19064
19071
19072
19073
19074
19077
19078
19080
19081
19082
19084
19085
19087
19088
19089
19090
19092
19093
19096
19097
19098
19100
19104
19105
19106
19107
19108
19109
19110
19111
19112
19115
19116
19120
19121
19122
19124
19131
19134
19136
19137
19138
19139
19141
19142
19144
19146
19147
19148
19150
19152
19153
19160
19161
19164
19168
19169
19172
19179
19180
19185
19188
19189
19193
19197
19199
19201
19202
19203
19204
19206
19207
19208
19209
19210
19212
19214
19215
19216
19217
19219
19220
19222
19223
19224
19225
19226
19232
19233
19234
19235
19236
19237
19240
19242
19247
19248
19250
19251
19252
19254
19256
19260
19264
19267
19268
19270
19271
19276
19280
19282
19284
19286
19287
19288
19290
19296
19297
19301
19302
19303
19304
19305
19308
19312
19313
19316
19317
19322
19328
19329
19330
19331
19332
19334
19336
19338
19340
19341
19343
19345
19346
19347
19349
19352
19353
19354
19355
19356
19360
19361
19364
19366
19367
19376
19379
19380
19381
19383
19389
19392
19394
19397
19400
19401
19402
19403
19406
19412
19416
19424
19426
19427
19428
19429
19435
19443
19446
19456
19457
19459
19460
19461
19462
19464
19466
19468
19469
19470
19472
19473
19474
19475
19476
19477
19478
19480
19481
19483
19484
19485
19489
19490
19491
19492
19495
19496
19497
19498
19499
19500
19501
19504
19506
19507
19508
19509
19510
19512
19513
19514
19518
19520
19521
19522
19523
19524
19525
19526
19528
19529
19530
19531
19532
19534
19535
19536
19538
19540
19541
19542
19544
19545
19546
19547
19548
19549
19552
19554
19555
19556
19557
19558
19559
19560
19561
19563
19565
19568
19569
19570
19576
19577
19578
19583
19584
19585
19586
19587
19588
19589
19590
19592
19593
19594
19600
19601
19603
19605
19606
19607
19608
19610
19611
19612
19613
19616
19617
19618
19620
19621
19622
19623
19624
19627
19631
19640
19641
19644
19646
19648
19650
19651
19653
19654
19656
19658
19660
19662
19664
19665
19666
19667
19668
19669
19670
19672
19674
19675
19680
19681
19683
19684
19688
19691
19695
19698
19700
19709
19710
19713
19714
19715
19716
19717
19720
19721
19723
19724
19726
19727
19731
19732
19735
19736
19737
19738
19746
19748
19749
19751
19752
19754
19756
19757
19758
19760
19761
19762
19766
19772
19774
19776
19777
19779
19780
19781
19784
19786
19788
19789
19790
19791
19792
19793
19796
19798
19800
19802
19808
19812
19813
19824
19828
19830
19833
19840
19841
19842
19843
19844
19845
19846
19852
19853
19857
19859
19860
19866
19867
19870
19872
19873
19874
19875
19876
19878
19880
19881
19882
19884
19889
19890
19894
19895
19896
19897
19906
19908
19910
19912
19914
19917
19920
19923
19924
19925
19936
19938
19941
19946
19956
19968
19969
19970
19971
19972
19973
19974
19976
19977
19980
19983
19984
19985
19988
19990
19992
19994
19997
20000
20001
20003
20004
20008
20009
20013
20016
20019
20023
20025
20028
20030
20033
20034
20035
20036
20038
20040
20041
20042
20043
20044
20046
20047
20048
20051
20054
20059
20061
20064
20065
20068
20072
20074
20078
20082
20089
20092
20096
20098
20099
20100
20101
20102
20103
20104
20107
20110
20112
20114
20115
20116
20117
20121
20124
20128
20129
20130
20131
20132
20133
20134
20138
20144
20145
20146
20148
20152
20156
20160
20161
20162
20164
20167
20168
20172
20173
20174
20176
20177
20178
20180
20182
20184
20185
20186
20188
20192
20193
20194
20200
20203
20206
20209
20210
20211
20220
20222
20224
20225
20226
20230
20232
20234
20235
20238
20240
20241
20244
20246
20248
20250
20255
20257
20258
20259
20260
20262
20264
20268
20269
20280
20289
20290
20291
20292
20296
20299
20300
20301
20302
20304
20312
20313
20316
20321
20326
20328
20331
20339
20346
20353
20354
20356
20358
20360
20361
20363
20366
20369
20370
20373
20374
20375
20376
20384
20385
20390
20398
20400
20412
20417
20421
20425
20427
20430
20441
20448
20464
20465
20473
20475
20480
20481
20482
20484
20485
20486
20487
20488
20489
20490
20491
20492
20493
20495
20496
20497
20498
20500
20501
20502
20504
20505
20506
20507
20508
20510
20511
20512
20513
20514
20515
20516
20517
20518
20519
20520
20521
20522
20523
20524
20525
20526
20527
20528
20530
20531
20532
20533
20535
20536
20537
20538
20539
20540
20541
20542
20544
20545
20546
20547
20548
20549
20550
20551
20552
20553
20554
20555
20556
20557
20558
20559
20560
20561
20562
20563
20564
20565
20566
20567
20569
20570
20571
20574
20575
20576
20577
20578
20580
20581
20582
20583
20584
20585
20586
20587
20592
20593
20594
20595
20596
20597
20598
20600
20601
20602
20609
20610
20611
20612
20613
20614
20616
20617
20618
20621
20622
20623
20624
20625
20627
20630
20632
20633
20635
20636
20638
20640
20642
20643
20644
20645
20648
20650
20651
20652
20653
20654
20655
20657
20658
20659
20660
20661
20664
20665
20667
20668
20671
20672
20673
20674
20675
20676
20677
20678
20679
20680
20681
20682
20683
20684
20685
20686
20687
20690
20693
20694
20696
20697
20698
20700
20701
20707
20708
20709
20711
20712
20713
20714
20720
20722
20724
20726
20729
20736
20737
20738
20739
20740
20741
20742
20744
20745
20746
20747
20748
20749
20750
20751
20752
20753
20754
20755
20756
20757
20760
20761
20762
20763
20767
20768
20769
20770
20771
20772
20773
20774
20777
20778
20781
20784
20785
20787
20788
20789
20790
20792
20796
20798
20800
20802
20803
20806
20807
20808
20809
20810
20812
20813
20814
20816
20817
20818
20819
20820
20821
20823
20824
20825
20828
20832
20835
20836
20837
20840
20841
20842
20844
20845
20848
20849
20850
20851
20857
20860
20864
20865
20866
20868
20869
20870
20872
20873
20874
20876
20877
20879
20880
20881
20882
20884
20888
20889
20890
20891
20892
20896
20897
20898
20900
20901
20904
20906
20908
20910
20912
20916
20917
20918
20920
20922
20926
20927
20928
20929
20930
20931
20932
20933
20934
20936
20937
20938
20939
20941
20946
20947
20948
20949
20950
20952
20953
20957
20960
20961
20964
20965
20968
20970
20971
20972
20973
20975
20976
20992
20993
20994
20995
20996
20997
20998
21000
21001
21004
21005
21008
21009
21010
21011
21012
21013
21014
21016
21017
21018
21021
21022
21024
21025
21026
21027
21029
21030
21031
21032
21033
21034
21036
21038
21039
21040
21041
21043
21045
21046
21050
21051
21052
21056
21057
21058
21059
21060
21062
21064
21065
21066
21067
21068
21072
21073
21074
21076
21078
21080
21082
21084
21086
21088
21089
21091
21093
21094
21095
21096
21097
21099
21100
21101
21102
21104
21106
21107
21108
21110
21111
21118
21120
21121
21122
21123
21125
21127
21128
21129
21131
21132
21134
21135
21136
21137
21141
21144
21145
21148
21151
21154
21155
21156
21157
21158
21160
21161
21162
21163
21168
21170
21172
21177
21178
21179
21181
21184
21186
21187
21188
21189
21190
21192
21193
21196
21197
21200
21202
21206
21208
21209
21210
21215
21216
21217
21220
21221
21223
21225
21228
21229
21232
21240
21241
21242
21248
21249
21250
21251
21252
21253
21254
21255
21256
21257
21258
21259
21260
21261
21263
21265
21266
21267
21268
21269
21271
21272
21273
21274
21275
21276
21278
21280
21281
21282
21283
21284
21285
21288
21290
21295
21296
21297
21298
21299
21302
21303
21304
21306
21307
21310
21314
21315
21316
21317
21320
21321
21323
21326
21328
21329
21332
21333
21336
21338
21341
21342
21345
21347
21349
21350
21352
21353
21355
21356
21357
21359
21366
21367
21378
21379
21380
21381
21384
21386
21387
21389
21392
21393
21394
21395
21396
21397
21398
21400
21402
21406
21408
21411
21412
21415
21416
21419
21430
21431
21433
21442
21446
21448
21451
21454
21456
21457
21458
21461
21464
21473
21474
21475
21476
21479
21488
21492
21504
21507
21509
21510
21512
21513
21514
21515
21516
21517
21518
21519
21520
21521
21522
21523
21524
21525
21526
21528
21530
21531
21532
21533
21535
21536
21539
21540
21541
21542
21544
21545
21548
21550
21551
21552
21553
21554
21556
21559
21560
21561
21562
21564
21565
21566
21568
21570
21571
21572
21573
21574
21575
21576
21578
21579
21581
21582
21583
21584
21586
21588
21590
21591
21595
21596
21597
21598
21600
21601
21602
21605
21606
21607
21608
21609
21613
21616
21617
21618
21619
21624
21628
21630
21632
21633
21634
21635
21636
21637
21644
21645
21646
21648
21650
21652
21654
21656
21658
21662
21664
21666
21668
21669
21670
21672
21674
21676
21677
21682
21683
21684
21685
21688
21692
21696
21697
21698
21700
21702
21709
21712
21713
21714
21717
21718
21721
21722
21723
21724
21728
21730
21731
21732
21733
21736
21738
21740
21741
21743
21745
21749
21752
21756
21760
21761
21764
21765
21766
21768
21769
21770
21771
21772
21775
21776
21778
21780
21781
21784
21785
21786
21787
21789
21791
21792
21794
21795
21796
21800
21802
21803
21806
21807
21813
21816
21817
21820
21821
21824
21825
21826
21827
21832
21833
21834
21836
21837
21840
21841
21843
21845
21846
21856
21858
21860
21863
21865
21866
21867
21872
21874
21876
21880
21881
21888
21889
21890
21892
21893
21894
21896
21897
21900
21904
21906
21907
21908
21909
21912
21913
21916
21917
21918
21920
21923
21928
21933
21936
21939
21940
21946
21950
21952
21953
21955
21956
21958
21960
21980
21988
21989
21993
22005
22006
22017
22018
22020
22022
22024
22026
22027
22030
22032
22033
22034
22035
22036
22037
22038
22039
22040
22041
22044
22046
22048
22050
22052
22054
22056
22057
22058
22061
22062
22064
22065
22066
22067
22070
22072
22078
22080
22081
22082
22083
22084
22085
22086
22087
22089
22091
22092
22095
22098
22099
22100
22105
22106
22112
22113
22114
22117
22128
22132
22138
22144
22145
22146
22147
22148
22152
22154
22156
22157
22158
22160
22161
22162
22163
22164
22165
22173
22176
22177
22182
22185
22194
22195
22196
22198
22200
22207
22208
22210
22212
22219
22220
22224
22226
22231
22232
22234
22240
22241
22242
22244
22247
22252
22256
22258
22272
22273
22275
22278
22279
22281
22286
22287
22289
22290
22293
22296
22297
22298
22299
22304
22306
22307
22311
22312
22314
22316
22322
22329
22330
22336
22337
22340
22341
22342
22343
22353
22354
22360
22361
22364
22368
22370
22371
22374
22376
22377
22384
22400
22401
22403
22408
22410
22412
22416
22418
22419
22420
22424
22431
22432
22433
22434
22436
22437
22440
22442
22452
22458
22461
22464
22465
22468
22475
22483
22486
22491
22496
22500
22526
22528
22529
22530
22531
22532
22533
22534
22536
22539
22540
22541
22544
22545
22547
22548
22549
22550
22551
22553
22554
22557
22560
22561
22562
22563
22564
22565
22566
22568
22570
22572
22573
22575
22576
22577
22579
22580
22581
22582
22584
22585
22586
22587
22588
22592
22593
22594
22595
22596
22597
22599
22600
22602
22605
22606
22608
22610
22617
22619
22620
22621
22624
22625
22626
22627
22628
22629
22630
22631
22632
22633
22635
22637
22641
22647
22650
22653
22654
22657
22658
22660
22661
22663
22664
22665
22666
22668
22669
22672
22675
22676
22677
22678
22681
22682
22683
22686
22688
22689
22690
22692
22693
22694
22696
22697
22698
22701
22703
22705
22708
22710
22713
22720
22721
22722
22723
22724
22726
22728
22732
22736
22740
22743
22745
22752
22758
22760
22764
22768
22769
22771
22784
22787
22791
22792
22796
22798
22800
22801
22802
22804
22805
22806
22808
22810
22811
22812
22816
22819
22820
22822
22824
22826
22829
22832
22833
22835
22836
22841
22844
22848
22849
22850
22851
22852
22854
22855
22856
22857
22858
22859
22860
22862
22865
22868
22871
22872
22873
22880
22884
22886
22887
22888
22892
22893
22896
22901
22902
22904
22912
22913
22914
22916
22922
22928
22929
22932
22934
22935
22942
22945
22946
22952
22954
22960
22961
22964
22970
22980
22981
22983
22984
22985
22986
22991
22993
22994
22996
22997
23000
23010
23014
23026
23027
23042
23043
23044
23045
23046
23048
23049
23050
23052
23053
23055
23056
23058
23059
23061
23062
23063
23064
23074
23076
23077
23079
23082
23083
23084
23091
23095
23104
23105
23106
23108
23110
23111
23112
23114
23115
23117
23118
23120
23125
23132
23136
23141
23143
23146
23147
23152
23153
23155
23156
23168
23169
23170
23171
23172
23173
23174
23176
23177
23180
23182
23184
23185
23188
23190
23193
23194
23196
23197
23198
23200
23201
23204
23206
23210
23216
23217
23218
23219
23220
23224
23231
23232
23233
23234
23235
23239
23240
23241
23248
23250
23264
23265
23267
23268
23280
23282
23296
23298
23299
23300
23304
23305
23306
23314
23315
23321
23322
23327
23328
23329
23330
23334
23336
23341
23342
23348
23349
23360
23362
23363
23367
23372
23373
23376
23377
23379
23380
23381
23383
23384
23392
23393
23400
23403
23404
23408
23410
23418
23419
23420
23424
23425
23427
23430
23433
23434
23436
23438
23440
23441
23445
23449
23450
23453
23457
23463
23470
23484
23489
23490
23492
23495
23496
23516
23520
23521
23522
23534
23536
23552
23554
23555
23556
23561
23562
23563
23564
23568
23570
23573
23574
23576
23577
23579
23580
23587
23588
23589
23590
23591
23593
23596
23604
23608
23610
23613
23616
23617
23618
23620
23621
23622
23623
23624
23625
23626
23628
23630
23631
23636
23647
23648
23650
23651
23652
23654
23656
23657
23660
23661
23662
23664
23665
23667
23668
23673
23680
23682
23684
23685
23688
23689
23690
23691
23693
23696
23708
23712
23715
23716
23720
23728
23732
23733
23736
23737
23739
23744
23745
23746
23747
23750
23753
23754
23756
23757
23758
23761
23763
23764
23766
23774
23777
23778
23779
23780
23781
23782
23784
23802
23809
23810
23812
23814
23816
23817
23818
23819
23824
23825
23828
23832
23834
23837
23838
23841
23842
23843
23846
23849
23852
23856
23858
23864
23872
23873
23874
23877
23882
23884
23887
23888
23889
23893
23896
23899
23900
23904
23905
23912
23913
23922
23924
23925
23927
23928
23936
23937
23940
23946
23948
23949
23951
23952
23953
23955
23958
23960
23962
23964
23968
23972
23976
23978
23984
23987
23992
23994
23997
24000
24006
24008
24013
24016
24036
24039
24040
24051
24055
24059
24064
24065
24069
24070
24071
24072
24073
24074
24075
24076
24079
24080
24081
24084
24087
24088
24092
24094
24096
24097
24098
24100
24101
24105
24112
24114
24117
24121
24128
24131
24133
24134
24136
24138
24141
24142
24144
24145
24147
24152
24158
24160
24161
24162
24166
24168
24177
24193
24196
24197
24198
24201
24203
24206
24209
24210
24213
24216
24218
24224
24226
24229
24244
24248
24251
24256
24264
24268
24289
24300
24309
24320
24321
24322
24323
24325
24326
24329
24330
24336
24337
24348
24352
24353
24355
24358
24360
24370
24376
24384
24385
24386
24392
24393
24394
24400
24416
24418
24421
24426
24428
24433
24454
24456
24457
24458
24464
24468
24472
24488
24497
24504
24512
24513
24514
24528
24530
24537
24544
24566
24576
24577
24578
24579
24580
24581
24582
24583
24584
24585
24586
24587
24588
24589
24591
24592
24594
24595
24596
24597
24598
24599
24600
24602
24604
24605
24606
24607
24608
24609
24610
24612
24613
24614
24615
24616
24617
24618
24620
24621
24622
24623
24625
24627
24628
24631
24632
24633
24634
24635
24636
24637
24640
24641
24642
24644
24645
24646
24647
24648
24649
24650
24652
24653
24654
24656
24658
24659
24662
24663
24664
24665
24666
24668
24669
24670
24672
24673
24674
24675
24676
24677
24678
24680
24681
24682
24683
24684
24685
24686
24688
24689
24690
24691
24692
24694
24695
24701
24702
24704
24705
24707
24708
24709
24710
24711
24712
24713
24714
24715
24716
24717
24718
24720
24722
24723
24725
24727
24728
24729
24730
24731
24732
24733
24735
24736
24737
24738
24740
24741
24742
24744
24745
24746
24750
24751
24752
24753
24754
24755
24756
24757
24759
24760
24762
24768
24769
24771
24773
24775
24776
24777
24780
24781
24782
24784
24785
24787
24788
24789
24790
24792
24793
24794
24795
24796
24800
24802
24803
24804
24806
24807
24808
24810
24813
24816
24817
24818
24823
24824
24826
24827
24828
24832
24833
24834
24835
24836
24837
24838
24839
24840
24842
24843
24844
24848
24849
24850
24851
24852
24853
24854
24856
24860
24861
24862
24864
24865
24866
24867
24868
24869
24870
24871
24872
24875
24877
24878
24880
24881
24882
24883
24890
24892
24895
24896
24897
24898
24899
24900
24901
24902
24903
24906
24908
24909
24912
24913
24915
24916
24917
24919
24921
24925
24926
24928
24929
24931
24932
24933
24934
24936
24937
24938
24939
24940
24941
24944
24946
24947
24948
24952
24953
24956
24960
24961
24962
24964
24965
24966
24967
24968
24970
24973
24977
24979
24980
24983
24984
24986
24988
24989
24990
24993
24995
24997
24998
24999
25000
25001
25004
25005
25006
25009
25010
25016
25018
25024
25026
25029
25031
25032
25040
25041
25043
25044
25046
25047
25050
25055
25056
25057
25064
25065
25069
25072
25073
25076
25078
25081
25088
25089
25090
25091
25092
25093
25094
25095
25096
25097
25099
25104
25105
25106
25108
25109
25110
25111
25112
25113
25114
25115
25116
25117
25119
25120
25121
25122
25124
25125
25126
25127
25128
25129
25130
25131
25133
25137
25138
25140
25141
25142
25144
25145
25146
25147
25151
25152
25154
25155
25156
25157
25158
25159
25160
25161
25162
25164
25166
25168
25171
25172
25174
25176
25178
25179
25180
25183
25184
25185
25186
25187
25188
25189
25190
25191
25197
25200
25201
25202
25204
25206
25209
25210
25211
25212
25218
25220
25221
25222
25224
25225
25226
25233
25234
25235
25236
25237
25243
25247
25248
25249
25250
25251
25252
25253
25255
25256
25257
25260
25262
25263
25264
25265
25266
25268
25270
25284
25285
25286
25288
25289
25290
25291
25292
25294
25295
25296
25297
25298
25309
25312
25313
25314
25320
25324
25329
25330
25332
25333
25344
25345
25346
25347
25351
25352
25353
25354
25355
25359
25360
25361
25362
25363
25364
25365
25366
25368
25369
25370
25371
25372
25373
25376
25378
25380
25383
25384
25385
25391
25392
25394
25395
25398
25400
25401
25404
25408
25409
25410
25413
25416
25418
25423
25427
25431
25432
25433
25436
25439
25440
25441
25442
25443
25448
25451
25452
25453
25454
25458
25460
25462
25472
25473
25474
25475
25476
25480
25482
25484
25485
25489
25490
25496
25498
25501
25502
25509
25510
25512
25520
25530
25532
25535
25536
25539
25540
25541
25542
25543
25545
25548
25552
25556
25560
25561
25566
25568
25569
25570
25571
25576
25588
25596
25597
25600
25601
25603
25604
25605
25606
25608
25609
25610
25612
25614
25615
25616
25619
25620
25621
25625
25626
25627
25629
25632
25633
25634
25635
25636
25637
25638
25641
25642
25643
25646
25647
25650
25654
25655
25656
25657
25658
25659
25660
25661
25664
25665
25666
25668
25669
25670
25671
25672
25673
25674
25675
25676
25677
25679
25680
25681
25682
25684
25685
25686
25687
25688
25691
25692
25693
25694
25696
25697
25698
25699
25701
25706
25710
25712
25713
25715
25719
25724
25726
25728
25729
25730
25731
25732
25733
25734
25735
25736
25738
25739
25742
25744
25745
25746
25748
25751
25753
25756
25758
25760
25763
25764
25766
25767
25768
25769
25770
25776
25777
25779
25780
25784
25785
25786
25787
25793
25794
25795
25798
25799
25800
25801
25802
25804
25808
25809
25810
25814
25815
25816
25817
25820
25825
25826
25828
25830
25832
25834
25835
25840
25841
25842
25844
25848
25852
25856
25857
25858
25860
25861
25862
25864
25866
25870
25871
25872
25873
25874
25875
25877
25878
25880
25883
25884
25887
25888
25892
25896
25900
25904
25908
25909
25912
25913
25916
25920
25921
25924
25925
25929
25932
25934
25936
25937
25939
25940
25941
25942
25943
25944
25947
25949
25953
25955
25960
25964
25968
25970
25973
25984
25985
25986
25987
25988
25989
25992
25993
25994
25996
25997
25998
26000
26012
26016
26019
26020
26022
26024
26026
26032
26036
26042
26049
26050
26053
26055
26065
26066
26067
26070
26072
26082
26083
26087
26093
26098
26101
26112
26114
26115
26116
26118
26119
26120
26121
26122
26123
26126
26127
26128
26129
26130
26131
26132
26134
26136
26139
26140
26142
26144
26145
26146
26149
26152
26155
26162
26177
26178
26180
26185
26187
26190
26195
26196
26197
26198
26200
26201
26208
26210
26213
26214
26217
26218
26219
26221
26225
26228
26233
26240
26242
26246
26248
26253
26257
26259
26260
26261
26264
26266
26268
26272
26273
26277
26278
26280
26281
26282
26289
26296
26304
26306
26307
26309
26311
26314
26318
26322
26330
26332
26334
26336
26339
26345
26352
26353
26354
26357
26359
26361
26362
26368
26369
26370
26372
26373
26374
26375
26376
26377
26378
26379
26381
26382
26383
26384
26385
26386
26389
26390
26396
26402
26410
26413
26416
26417
26420
26432
26433
26435
26438
26441
26446
26448
26449
26450
26451
26452
26457
26459
26461
26466
26472
26474
26483
26484
26491
26496
26497
26498
26500
26501
26502
26505
26506
26514
26529
26531
26540
26545
26552
26560
26561
26568
26569
26578
26590
26600
26604
26606
26624
26625
26626
26627
26628
26629
26631
26632
26634
26635
26636
26637
26638
26641
26642
26643
26644
26645
26647
26648
26649
26652
26653
26656
26657
26658
26660
26661
26663
26665
26666
26667
26668
26669
26672
26673
26674
26676
26678
26682
26684
26687
26688
26689
26690
26691
26692
26694
26698
26699
26702
26703
26704
26705
26706
26707
26708
26709
26713
26715
26718
26720
26722
26724
26725
26728
26730
26731
26732
26735
26736
26737
26740
26741
26751
26752
26753
26754
26757
26758
26760
26763
26764
26765
26766
26768
26769
26770
26772
26773
26774
26776
26778
26779
26780
26781
26784
26785
26788
26789
26790
26792
26793
26794
26795
26796
26798
26800
26802
26803
26805
26808
26809
26810
26816
26817
26818
26820
26821
26822
26823
26824
26825
26826
26835
26840
26841
26842
26845
26848
26849
26850
26858
26864
26867
26876
26880
26881
26882
26883
26884
26886
26887
26888
26889
26891
26892
26896
26897
26899
26900
26901
26902
26905
26907
26908
26910
26912
26913
26914
26917
26918
26921
26923
26924
26928
26929
26930
26931
26933
26936
26939
26941
26942
26944
26947
26948
26952
26953
26954
26957
26958
26959
26960
26961
26966
26967
26968
26969
26971
26972
26976
26984
26986
27000
27001
27004
27008
27009
27010
27012
27016
27017
27020
27024
27026
27029
27030
27031
27035
27038
27040
27042
27043
27044
27048
27056
27057
27058
27060
27062
27072
27073
27074
27084
27087
27088
27089
27092
27098
27104
27105
27110
27111
27122
27129
27132
27136
27137
27138
27139
27140
27141
27142
27143
27144
27145
27146
27148
27149
27152
27153
27154
27155
27156
27157
27158
27159
27161
27165
27166
27170
27171
27173
27174
27176
27177
27178
27179
27181
27184
27186
27187
27188
27191
27194
27200
27201
27204
27205
27206
27208
27209
27210
27212
27216
27217
27219
27220
27221
27222
27223
27224
27226
27229
27232
27233
27234
27235
27236
27237
27240
27241
27247
27248
27250
27252
27264
27265
27269
27270
27272
27274
27275
27276
27280
27283
27284
27285
27289
27296
27299
27300
27302
27304
27305
27306
27308
27312
27313
27315
27316
27324
27332
27336
27338
27339
27342
27344
27347
27362
27363
27364
27368
27376
27392
27393
27394
27396
27397
27401
27407
27408
27411
27416
27418
27423
27424
27425
27426
27429
27430
27432
27434
27435
27437
27440
27443
27444
27445
27446
27448
27456
27457
27458
27463
27464
27465
27467
27468
27473
27475
27476
27477
27480
27481
27488
27489
27490
27493
27502
27506
27520
27521
27524
27525
27527
27528
27530
27531
27533
27534
27536
27538
27544
27548
27551
27552
27553
27556
27562
27564
27565
27566
27568
27570
27572
27574
27580
27585
27586
27594
27601
27608
27624
27626
27627
27633
27648
27649
27650
27651
27652
27657
27658
27660
27661
27662
27663
27664
27665
27666
27667
27668
27670
27672
27673
27674
27675
27676
27678
27680
27681
27682
27684
27686
27687
27688
27689
27692
27696
27697
27700
27701
27702
27703
27704
27706
27708
27710
27712
27713
27714
27715
27716
27717
27720
27722
27723
27724
27727
27728
27729
27730
27732
27736
27740
27744
27745
27746
27747
27748
27750
27752
27761
27762
27764
27770
27776
27777
27778
27780
27782
27783
27784
27785
27789
27792
27794
27800
27801
27807
27808
27812
27813
27815
27819
27820
27821
27824
27826
27828
27838
27840
27848
27849
27850
27852
27856
27857
27862
27869
27871
27874
27875
27882
27889
27892
27904
27905
27906
27907
27913
27915
27916
27917
27918
27919
27920
27922
27924
27925
27926
27927
27929
27937
27938
27940
27942
27945
27947
27948
27950
27956
27957
27965
27968
27969
27970
27972
27973
27974
27976
27981
27984
27985
27993
27996
28000
28005
28006
28010
28019
28031
28032
28035
28036
28040
28042
28044
28046
28052
28056
28064
28066
28069
28072
28079
28080
28081
28082
28098
28102
28110
28112
28113
28115
28120
28128
28130
28136
28137
28140
28141
28144
28154
28160
28161
28164
28168
28172
28177
28179
28181
28182
28185
28186
28192
28193
28195
28196
28198
28199
28202
28204
28209
28211
28212
28216
28219
28222
28224
28226
28228
28230
28240
28245
28246
28250
28252
28257
28261
28264
28276
28289
28290
28291
28292
28296
28304
28305
28306
28314
28316
28323
28328
28338
28350
28353
28354
28355
28357
28362
28364
28368
28369
28373
28377
28384
28392
28393
28397
28401
28403
28416
28417
28418
28419
28420
28422
28424
28427
28428
28429
28433
28434
28438
28439
28440
28442
28456
28460
28464
28471
28476
28477
28480
28481
28484
28489
28495
28499
28502
28503
28541
28544
28546
28550
28552
28554
28575
28576
28578
28585
28587
28588
28624
28626
28648
28672
28673
28675
28676
28677
28678
28679
28680
28681
28682
28683
28684
28685
28686
28687
28689
28690
28691
28692
28694
28695
28696
28697
28698
28699
28700
28701
28703
28704
28705
28706
28707
28708
28709
28710
28712
28714
28715
28716
28717
28720
28721
28723
28724
28726
28728
28730
28731
28733
28734
28736
28737
28738
28739
28740
28742
28744
28745
28746
28747
28748
28750
28751
28752
28756
28757
28758
28761
28763
28766
28768
28770
28771
28772
28774
28775
28776
28777
28784
28785
28787
28790
28792
28793
28794
28796
28797
28800
28801
28802
28805
28806
28808
28809
28810
28811
28812
28816
28817
28818
28819
28820
28824
28825
28826
28827
28828
28832
28836
28838
28840
28842
28844
28845
28848
28849
28852
28856
28857
28858
28860
28864
28865
28866
28868
28869
28870
28871
28873
28875
28876
28877
28878
28881
28886
28888
28891
28892
28897
28898
28913
28915
28921
28926
28929
28930
28931
28932
28933
28935
28936
28937
28938
28939
28941
28943
28948
28949
28950
28952
28954
28955
28956
28960
28961
28962
28963
28965
28966
28967
28968
28969
28970
28971
28972
28974
28976
28977
28978
28980
28985
28986
28988
28992
28994
28995
29002
29003
29004
29008
29009
29010
29018
29026
29029
29032
29035
29036
29041
29042
29043
29044
29049
29052
29056
29061
29064
29066
29067
29069
29070
29072
29073
29074
29075
29080
29082
29084
29088
29089
29090
29092
29096
29101
29103
29104
29105
29109
29111
29120
29121
29124
29125
29128
29129
29144
29146
29148
29154
29155
29156
29157
29158
29159
29161
29162
29165
29182
29183
29184
29185
29186
29188
29189
29190
29193
29195
29196
29197
29201
29202
29204
29205
29206
29210
29211
29213
29214
29215
29216
29217
29220
29222
29223
29224
29225
29226
29228
29230
29231
29234
29235
29240
29242
29243
29244
29246
29249
29250
29254
29255
29256
29257
29261
29262
29264
29266
29267
29268
29270
29272
29275
29277
29281
29282
29286
29287
29288
29290
29293
29296
29302
29304
29306
29309
29312
29313
29315
29316
29317
29318
29321
29323
29324
29325
29329
29330
29331
29332
29333
29336
29338
29344
29345
29346
29348
29350
29352
29356
29360
29366
29371
29372
29376
29378
29379
29380
29384
29388
29389
29393
29394
29397
29400
29402
29406
29411
29415
29416
29417
29418
29425
29426
29440
29441
29442
29444
29448
29449
29452
29454
29455
29456
29457
29458
29460
29461
29462
29464
29468
29472
29477
29478
29480
29481
29489
29490
29493
29496
29498
29499
29505
29506
29508
29510
29511
29512
29516
29522
29524
29526
29528
29529
29530
29531
29536
29540
29547
29548
29555
29565
29568
29570
29571
29576
29577
29580
29584
29587
29588
29594
29598
29600
29601
29602
29605
29609
29610
29611
29624
29627
29637
29648
29651
29653
29654
29656
29667
29680
29688
29690
29696
29697
29698
29699
29700
29701
29702
29703
29704
29705
29706
29707
29708
29709
29713
29714
29715
29716
29717
29718
29720
29724
29726
29728
29729
29730
29731
29732
29736
29737
29740
29741
29742
29743
29744
29745
29746
29748
29749
29752
29753
29754
29755
29757
29760
29762
29763
29764
29766
29768
29770
29774
29775
29776
29778
29781
29782
29785
29789
29792
29793
29795
29796
29798
29802
29803
29804
29806
29808
29811
29813
29816
29817
29819
29822
29824
29825
29826
29828
29829
29832
29833
29835
29836
29839
29841
29842
29843
29844
29846
29848
29850
29852
29854
29856
29860
29861
29862
29863
29864
29865
29866
29867
29872
29874
29878
29880
29888
29894
29897
29898
29900
29905
29908
29909
29911
29912
29916
29918
29921
29922
29928
29937
29940
29943
29944
29948
29952
29956
29958
29960
29961
29962
29963
29966
29971
29972
29975
29976
29977
29984
29986
29987
29990
29991
29992
29993
29994
30001
30002
30004
30017
30018
30020
30023
30024
30026
30028
30032
30033
30035
30036
30038
30040
30049
30052
30056
30064
30078
30080
30081
30082
30086
30089
30091
30095
30098
30099
30100
30104
30106
30107
30112
30116
30132
30144
30145
30146
30151
30152
30157
30177
30199
30208
30209
30210
30211
30214
30215
30216
30217
30218
30221
30224
30225
30226
30227
30229
30233
30236
30237
30240
30241
30244
30246
30248
30249
30250
30252
30255
30257
30259
30260
30265
30266
30267
30272
30274
30276
30279
30280
30288
30290
30291
30292
30296
30298
30300
30305
30306
30308
30310
30314
30322
30324
30336
30337
30344
30349
30354
30355
30360
30361
30368
30369
30372
30374
30376
30379
30384
30385
30396
30400
30406
30408
30417
30422
30433
30440
30449
30465
30467
30472
30473
30474
30478
30480
30482
30484
30485
30488
30489
30496
30507
30510
30520
30528
30529
30530
30531
30536
30546
30548
30560
30576
30580
30584
30595
30596
30597
30604
30610
30616
30618
30624
30626
30627
30628
30636
30640
30656
30660
30666
30698
30708
30720
30721
30722
30724
30725
30726
30728
30729
30730
30732
30734
30736
30737
30738
30740
30741
30742
30744
30745
30746
30748
30752
30753
30754
30755
30756
30758
30760
30763
30769
30773
30776
30780
30781
30785
30786
30790
30792
30793
30796
30800
30803
30806
30807
30809
30810
30816
30818
30824
30825
30826
30828
30835
30837
30841
30843
30848
30849
30850
30851
30854
30855
30856
30857
30864
30865
30866
30868
30870
30873
30874
30879
30880
30881
30883
30884
30885
30887
30892
30897
30899
30900
30905
30906
30914
30915
30916
30917
30921
30922
30930
30934
30936
30937
30940
30946
30948
30956
30965
30975
30976
30978
30979
30983
30984
30985
30987
30989
30992
30993
30994
30995
30996
30998
31002
31004
31008
31009
31010
31020
31021
31022
31024
31026
31033
31034
31035
31036
31044
31045
31046
31047
31048
31057
31058
31059
31064
31072
31080
31091
31104
31105
31106
31108
31109
31112
31114
31118
31120
31121
31122
31125
31127
31131
31132
31137
31139
31143
31145
31150
31154
31156
31169
31170
31172
31174
31176
31178
31184
31186
31188
31204
31216
31219
31232
31233
31234
31236
31237
31238
31239
31240
31241
31242
31244
31246
31247
31248
31249
31250
31251
31253
31255
31257
31260
31265
31266
31269
31270
31271
31272
31273
31281
31282
31284
31285
31288
31289
31291
31292
31297
31298
31303
31304
31309
31312
31313
31314
31326
31328
31329
31340
31346
31352
31353
31354
31356
31360
31361
31362
31365
31368
31369
31372
31373
31376
31378
31384
31385
31394
31395
31396
31404
31405
31412
31416
31424
31425
31428
31429
31433
31436
31441
31450
31457
31460
31465
31466
31472
31473
31474
31489
31490
31493
31499
31500
31504
31505
31506
31508
31509
31511
31516
31518
31520
31521
31522
31523
31528
31537
31544
31545
31552
31559
31568
31574
31584
31585
31587
31589
31616
31620
31622
31628
31635
31642
31648
31650
31655
31656
31664
31680
31681
31692
31697
31702
31729
31744
31747
31748
31751
31752
31753
31754
31757
31760
31761
31763
31764
31768
31776
31777
31781
31784
31785
31786
31792
31796
31799
31808
31811
31812
31813
31814
31816
31817
31820
31821
31824
31826
31829
31833
31840
31849
31851
31852
31856
31872
31874
31875
31876
31877
31880
31881
31883
31888
31891
31893
31894
31897
31898
31899
31905
31906
31907
31911
31914
31917
31919
31921
31922
31924
31926
31932
31935
31936
31937
31938
31940
31944
31945
31946
31954
31957
31964
31984
32000
32001
32002
32004
32006
32008
32009
32011
32016
32019
32036
32043
32053
32064
32066
32068
32072
32074
32077
32081
32082
32083
32088
32096
32128
32136
32138
32142
32145
32146
32151
32160
32192
32201
32234
32235
32244
32255
32256
32257
32262
32265
32266
32272
32273
32276
32288
32289
32290
32298
32305
32312
32320
32323
32328
32333
32336
32338
32340
32352
32353
32354
32355
32384
32388
32389
32393
32394
32400
32405
32406
32421
32449
32451
32458
32464
32469
32472
32481
32484
32485
32512
32513
32517
32532
32533
32544
32545
32552
32553
32554
32560
32576
32579
32580
32584
32608
32609
32612
32640
32643
32648
32649
32651
32656
32659
32705
32715
32763
