0
1
2
3
4
5
6
7
8
9
10
11
12
13
14
16
17
18
19
21
22
23
24
25
26
28
29
30
31
32
33
34
35
36
37
38
39
40
41
42
43
45
46
48
49
51
52
54
56
57
58
61
62
63
64
65
66
67
68
69
70
72
73
74
75
76
78
79
80
81
82
83
85
86
87
89
92
94
95
96
97
98
99
100
101
104
108
109
110
112
113
114
115
116
117
118
119
121
126
128
129
130
131
132
133
134
135
136
137
138
139
140
141
142
143
144
147
149
150
151
152
153
154
155
156
157
159
160
161
162
163
164
165
166
167
168
169
170
172
174
175
176
177
178
180
181
186
190
192
194
195
196
197
198
199
200
201
202
203
206
207
208
209
210
211
212
216
217
218
219
220
221
222
223
224
225
226
227
228
229
230
231
233
235
237
241
242
245
248
252
256
257
259
260
261
262
263
264
265
266
267
268
270
271
272
273
274
276
278
279
280
281
282
283
285
289
290
291
292
293
294
295
296
297
298
300
301
302
303
305
307
308
311
312
314
315
316
317
320
322
323
324
325
326
327
330
332
333
336
337
338
339
340
342
344
345
346
347
348
350
352
353
354
355
357
361
362
363
364
366
368
369
370
374
375
376
377
378
379
380
382
384
385
387
388
389
392
394
395
397
398
400
401
402
403
406
407
408
409
411
413
416
417
418
419
420
421
423
424
425
426
427
428
429
432
434
438
443
448
449
450
451
452
453
456
458
459
460
461
464
465
466
469
472
476
482
485
487
488
489
490
497
499
506
508
512
513
514
515
516
517
518
519
520
522
523
524
525
526
528
529
530
531
533
535
536
540
544
545
546
548
549
550
551
552
553
554
555
556
557
558
559
560
561
562
570
574
575
576
577
578
579
580
581
582
583
584
586
587
588
589
590
591
592
593
594
595
596
597
600
604
608
609
610
612
613
615
616
617
621
624
625
626
631
632
633
634
637
640
641
642
643
644
645
647
649
650
651
652
653
654
655
656
658
659
661
665
666
668
669
671
672
674
675
676
677
680
682
683
684
688
689
692
694
695
696
700
704
705
706
708
709
711
712
713
714
716
720
723
728
729
730
733
736
737
738
740
741
742
744
746
747
750
751
752
753
754
757
760
768
770
772
774
775
776
777
778
779
780
782
785
786
788
789
791
792
794
796
797
798
800
801
802
803
805
808
809
814
817
818
820
824
825
826
827
828
831
832
833
835
836
838
839
840
841
842
843
846
848
849
854
857
858
861
862
864
865
866
868
869
872
876
882
883
884
896
897
898
899
900
903
904
912
913
914
916
919
920
921
924
926
928
929
931
933
934
938
940
944
947
960
961
965
968
969
972
973
974
978
980
981
984
986
1001
1002
1006
1016
1024
1025
1027
1028
1029
1030
1031
1032
1033
1035
1036
1037
1038
1039
1040
1041
1042
1044
1046
1048
1050
1051
1052
1053
1054
1056
1057
1058
1059
1060
1062
1063
1064
1065
1066
1068
1069
1070
1071
1072
1073
1074
1076
1077
1082
1084
1085
1088
1089
1090
1091
1092
1093
1094
1096
1097
1101
1102
1104
1105
1107
1108
1109
1112
1113
1116
1117
1118
1120
1121
1122
1124
1125
1126
1129
1130
1131
1132
1137
1138
1139
1140
1141
1148
1152
1153
1154
1156
1157
1158
1160
1161
1162
1163
1164
1165
1168
1169
1170
1176
1179
1182
1184
1185
1187
1192
1193
1194
1197
1198
1199
1200
1201
1202
1203
1204
1208
1216
1218
1221
1222
1224
1225
1228
1231
1232
1233
1234
1237
1238
1239
1240
1242
1244
1246
1248
1249
1250
1256
1258
1259
1261
1264
1268
1271
1277
1280
1281
1282
1283
1284
1287
1288
1289
1290
1292
1294
1296
1297
1298
1300
1301
1304
1305
1306
1307
1310
1311
1313
1314
1315
1316
1318
1320
1321
1322
1323
1325
1328
1329
1330
1332
1334
1340
1344
1345
1346
1347
1348
1349
1351
1352
1353
1356
1359
1366
1368
1371
1374
1376
1377
1378
1380
1381
1385
1386
1388
1392
1393
1398
1401
1408
1409
1411
1412
1413
1414
1418
1423
1428
1430
1435
1438
1442
1443
1444
1448
1452
1456
1464
1469
1472
1473
1474
1477
1478
1484
1490
1491
1492
1496
1497
1504
1505
1508
1512
1516
1522
1525
1526
1536
1538
1540
1541
1542
1544
1545
1546
1547
1548
1550
1551
1553
1554
1555
1556
1557
1558
1560
1561
1562
1563
1564
1565
1567
1568
1569
1570
1571
1572
1573
1574
1576
1578
1579
1580
1581
1583
1584
1587
1590
1592
1600
1601
1602
1603
1604
1605
1606
1608
1609
1612
1613
1616
1618
1620
1621
1624
1628
1632
1633
1634
1636
1640
1641
1643
1648
1649
1652
1656
1664
1666
1667
1668
1669
1671
1672
1680
1681
1684
1685
1686
1688
1691
1697
1700
1702
1703
1706
1708
1711
1712
1713
1714
1715
1716
1720
1723
1728
1730
1731
1733
1734
1736
1737
1740
1741
1745
1748
1752
1761
1762
1766
1768
1769
1778
1780
1789
1792
1793
1796
1797
1798
1800
1804
1808
1809
1810
1813
1814
1816
1818
1820
1824
1825
1826
1829
1831
1832
1837
1840
1844
1848
1850
1852
1856
1858
1859
1860
1865
1866
1868
1872
1873
1874
1876
1884
1890
1907
1918
1920
1922
1923
1924
1925
1926
1929
1932
1936
1940
1941
1957
1980
1993
2000
2001
2010
2016
2040
2048
2049
2050
2051
2052
2053
2054
2055
2056
2057
2058
2059
2060
2061
2062
2063
2064
2065
2066
2070
2071
2072
2074
2075
2076
2077
2078
2080
2081
2082
2083
2084
2085
2086
2087
2088
2090
2091
2092
2095
2096
2097
2099
2101
2102
2103
2104
2105
2106
2108
2109
2111
2112
2114
2115
2119
2120
2121
2122
2123
2124
2126
2128
2130
2132
2134
2135
2136
2137
2138
2139
2140
2144
2145
2146
2147
2148
2149
2151
2154
2156
2157
2158
2161
2163
2164
2166
2173
2176
2177
2178
2179
2180
2181
2184
2185
2186
2188
2189
2190
2191
2192
2193
2194
2198
2201
2202
2206
2208
2209
2210
2211
2214
2220
2221
2222
2223
2224
2226
2229
2230
2235
2240
2241
2242
2243
2244
2245
2246
2248
2249
2251
2256
2257
2258
2259
2260
2261
2264
2265
2266
2267
2268
2273
2274
2275
2276
2280
2281
2285
2288
2289
2296
2297
2299
2304
2305
2306
2308
2309
2310
2311
2312
2314
2315
2316
2317
2320
2321
2322
2323
2324
2325
2326
2327
2328
2333
2334
2336
2337
2338
2339
2340
2342
2344
2345
2346
2348
2349
2350
2354
2357
2360
2368
2371
2372
2375
2376
2379
2380
2384
2385
2389
2390
2392
2393
2400
2402
2404
2405
2406
2408
2409
2410
2411
2412
2413
2416
2419
2422
2434
2436
2440
2441
2444
2445
2446
2447
2448
2452
2456
2460
2461
2464
2465
2467
2468
2478
2480
2493
2496
2497
2499
2500
2501
2507
2508
2512
2513
2515
2516
2517
2520
2528
2529
2530
2532
2533
2536
2544
2546
2552
2560
2561
2562
2563
2564
2565
2566
2567
2568
2570
2572
2573
2576
2578
2579
2580
2581
2582
2583
2587
2588
2589
2592
2594
2595
2597
2598
2600
2601
2605
2608
2610
2611
2612
2614
2616
2619
2620
2623
2624
2626
2628
2629
2630
2632
2633
2634
2635
2638
2640
2641
2644
2645
2646
2647
2656
2657
2660
2661
2663
2664
2668
2672
2677
2688
2689
2690
2692
2694
2695
2696
2698
2699
2704
2706
2708
2710
2712
2714
2715
2720
2721
2722
2723
2724
2726
2728
2737
2740
2742
2745
2753
2754
2756
2757
2764
2766
2768
2769
2772
2774
2777
2784
2786
2788
2789
2791
2801
2810
2816
2817
2818
2820
2822
2824
2825
2826
2827
2828
2829
2831
2832
2834
2838
2839
2840
2848
2849
2850
2851
2852
2856
2861
2865
2868
2870
2872
2876
2878
2880
2881
2882
2887
2888
2892
2898
2904
2905
2912
2913
2916
2922
2928
2936
2944
2947
2948
2950
2952
2956
2960
2961
2964
2966
2970
2979
2980
2984
2986
2988
2989
2995
3012
3014
3026
3048
3072
3074
3075
3076
3077
3078
3079
3080
3081
3084
3085
3086
3087
3088
3090
3092
3093
3094
3096
3098
3099
3101
3102
3104
3105
3106
3107
3108
3109
3110
3111
3112
3113
3116
3118
3121
3123
3124
3125
3126
3127
3130
3132
3136
3137
3138
3139
3140
3142
3143
3144
3145
3148
3152
3153
3154
3156
3161
3164
3168
3169
3170
3172
3173
3175
3176
3178
3179
3184
3185
3187
3188
3194
3195
3200
3201
3202
3203
3204
3205
3208
3209
3216
3217
3218
3220
3221
3226
3229
3232
3233
3234
3235
3238
3239
3240
3242
3248
3250
3252
3253
3256
3264
3265
3266
3268
3269
3272
3274
3275
3276
3277
3281
3289
3290
3296
3297
3299
3316
3328
3329
3330
3332
3333
3335
3336
3337
3338
3340
3342
3344
3349
3350
3354
3356
3360
3366
3367
3368
3375
3376
3379
3380
3383
3384
3385
3387
3394
3399
3400
3402
3408
3409
3416
3429
3430
3433
3439
3448
3456
3457
3458
3459
3460
3464
3466
3476
3480
3481
3484
3488
3489
3494
3496
3497
3501
3504
3520
3524
3532
3552
3570
3584
3585
3586
3587
3589
3592
3593
3597
3600
3601
3602
3604
3605
3606
3608
3610
3613
3616
3618
3621
3622
3628
3633
3634
3635
3638
3640
3649
3650
3652
3653
3654
3655
3656
3658
3663
3664
3666
3668
3672
3674
3680
3684
3691
3696
3699
3712
3713
3715
3716
3718
3720
3722
3726
3728
3729
3730
3744
3747
3748
3752
3754
3764
3776
3777
3779
3784
3785
3788
3796
3798
3808
3813
3825
3836
3840
3841
3843
3848
3852
3856
3858
3860
3864
3866
3867
3869
3872
3873
3876
3882
3888
3889
3896
3906
3908
3913
3920
3924
3934
3944
3952
3969
3970
3971
3974
3976
3977
3990
4000
4016
4020
4033
4041
4073
4080
4096
4097
4098
4099
4101
4102
4108
4109
4110
4111
4112
4113
4115
4117
4118
4119
4120
4121
4122
4123
4124
4125
4128
4129
4130
4132
4133
4134
4135
4136
4138
4139
4141
4142
4143
4144
4145
4146
4147
4148
4149
4150
4151
4153
4157
4160
4161
4162
4163
4164
4165
4166
4167
4168
4170
4171
4172
4175
4176
4177
4178
4180
4185
4187
4189
4192
4194
4196
4198
4199
4200
4201
4202
4205
4206
4208
4209
4210
4211
4212
4213
4216
4217
4219
4224
4226
4227
4228
4229
4230
4231
4232
4234
4235
4236
4237
4238
4243
4244
4245
4247
4248
4249
4250
4252
4255
4256
4258
4261
4263
4266
4267
4268
4269
4272
4273
4274
4276
4277
4278
4280
4281
4285
4289
4290
4291
4293
4294
4296
4300
4303
4304
4305
4308
4312
4313
4320
4321
4322
4324
4329
4330
4332
4336
4339
4340
4342
4344
4349
4352
4353
4356
4357
4358
4359
4360
4361
4362
4363
4364
4365
4366
4367
4368
4369
4370
4371
4372
4373
4375
4376
4379
4380
4382
4383
4386
4388
4389
4390
4392
4393
4395
4396
4397
4399
4400
4401
4402
4403
4405
4406
4409
4411
4412
4416
4417
4420
4421
4422
4423
4424
4427
4428
4429
4432
4434
4435
4436
4437
4440
4442
4443
4448
4456
4457
4460
4461
4465
4466
4468
4469
4474
4480
4481
4484
4485
4487
4488
4489
4493
4494
4497
4498
4499
4500
4502
4503
4504
4505
4506
4509
4512
4513
4514
4515
4518
4520
4521
4522
4526
4527
4528
4532
4533
4537
4538
4544
4548
4549
4551
4553
4555
4556
4557
4560
4562
4573
4577
4580
4589
4593
4596
4600
4608
4609
4611
4612
4613
4614
4615
4616
4617
4618
4620
4621
4622
4623
4624
4625
4626
4627
4628
4629
4630
4631
4632
4636
4638
4640
4641
4642
4643
4644
4646
4648
4650
4653
4655
4656
4657
4658
4661
4664
4668
4672
4673
4676
4677
4680
4681
4682
4683
4688
4689
4690
4691
4696
4701
4704
4705
4706
4713
4721
4722
4728
4736
4737
4738
4740
4741
4744
4745
4746
4747
4748
4749
4752
4753
4754
4756
4757
4760
4769
4770
4771
4772
4777
4780
4781
4784
4788
4790
4792
4794
4800
4801
4804
4805
4806
4808
4809
4812
4816
4817
4818
4822
4833
4834
4839
4841
4844
4847
4864
4865
4866
4868
4869
4870
4872
4873
4874
4876
4882
4883
4884
4885
4888
4898
4901
4902
4906
4908
4909
4912
4913
4914
4916
4918
4920
4928
4929
4933
4934
4935
4937
4938
4940
4944
4945
4946
4949
4951
4952
4953
4955
4961
4984
4985
4992
4993
4994
4996
4997
4998
5000
5005
5008
5015
5016
5017
5020
5027
5028
5032
5040
5042
5048
5058
5060
5073
5088
5090
5096
5098
5104
5108
5120
5121
5122
5123
5124
5125
5126
5127
5128
5129
5131
5132
5133
5134
5136
5137
5138
5139
5140
5142
5146
5149
5152
5153
5155
5156
5157
5158
5159
5161
5162
5165
5167
5168
5170
5172
5173
5174
5175
5177
5178
5180
5184
5185
5186
5187
5188
5189
5190
5192
5193
5194
5195
5196
5198
5200
5201
5202
5203
5205
5206
5207
5208
5216
5217
5218
5219
5220
5222
5234
5236
5248
5251
5253
5254
5255
5256
5260
5264
5266
5268
5271
5272
5273
5277
5280
5281
5282
5284
5286
5288
5296
5297
5300
5306
5312
5313
5316
5318
5320
5323
5324
5327
5328
5329
5330
5332
5334
5336
5344
5348
5355
5360
5368
5377
5378
5379
5380
5381
5382
5386
5387
5388
5389
5391
5392
5393
5396
5397
5398
5400
5402
5405
5406
5416
5421
5422
5423
5426
5436
5440
5443
5444
5445
5449
5451
5456
5457
5458
5459
5460
5465
5466
5468
5473
5480
5482
5491
5504
5505
5506
5508
5509
5510
5512
5513
5514
5517
5519
5520
5522
5524
5526
5528
5529
5532
5536
5537
5538
5540
5541
5544
5546
5554
5570
5576
5586
5587
5606
5633
5634
5635
5637
5639
5641
5644
5645
5646
5649
5650
5652
5654
5658
5664
5668
5670
5673
5675
5676
5678
5680
5690
5696
5697
5698
5699
5700
5701
5704
5708
5711
5712
5716
5717
5721
5728
5729
5734
5737
5738
5744
5745
5750
5760
5761
5763
5764
5766
5768
5776
5777
5780
5790
5793
5794
5801
5807
5809
5810
5812
5824
5825
5826
5827
5832
5833
5834
5840
5842
5844
5845
5846
5857
5861
5889
5890
5892
5894
5895
5896
5897
5905
5907
5908
5913
5928
5929
5948
5952
5954
5955
5962
5964
5965
5968
5969
5975
5978
5986
6020
6024
6028
6033
6038
6050
6052
6056
6088
6090
6096
6104
6116
6144
6145
6146
6147
6148
6150
6151
6152
6153
6154
6155
6156
6158
6159
6160
6161
6162
6163
6164
6165
6166
6167
6168
6169
6170
6171
6173
6174
6175
6176
6177
6178
6179
6181
6182
6184
6185
6187
6188
6189
6190
6193
6197
6200
6201
6202
6203
6204
6208
6210
6211
6212
6213
6216
6217
6218
6222
6223
6227
6228
6234
6240
6244
6245
6253
6256
6257
6268
6272
6273
6274
6276
6278
6281
6282
6283
6285
6289
6290
6291
6292
6294
6296
6297
6299
6300
6305
6306
6308
6310
6314
6321
6322
6328
6332
6336
6338
6339
6340
6342
6343
6347
6348
6352
6353
6354
6355
6360
6361
6370
6373
6374
6377
6378
6388
6393
6400
6401
6402
6403
6404
6408
6409
6411
6416
6418
6421
6424
6426
6427
6430
6431
6432
6433
6434
6436
6438
6440
6442
6444
6447
6448
6450
6457
6461
6462
6464
6465
6467
6468
6472
6476
6479
6480
6481
6490
6496
6501
6504
6513
6516
6528
6529
6530
6533
6536
6537
6540
6542
6544
6546
6553
6554
6557
6560
6562
6565
6571
6572
6592
6593
6594
6595
6612
6617
6618
6629
6630
6656
6657
6658
6659
6660
6662
6664
6665
6666
6668
6672
6674
6675
6677
6679
6680
6684
6688
6689
6690
6691
6692
6694
6696
6698
6701
6702
6704
6705
6708
6712
6716
6720
6721
6722
6723
6725
6727
6728
6729
6730
6736
6738
6739
6743
6746
6748
6752
6754
6755
6756
6764
6768
6784
6789
6792
6793
6794
6800
6808
6812
6816
6822
6824
6832
6833
6836
6839
6844
6848
6849
6850
6852
6853
6856
6857
6864
6868
6881
6888
6912
6913
6916
6917
6921
6928
6930
6933
6934
6937
6940
6944
6946
6948
6952
6976
6978
6982
6986
6992
6994
7008
7040
7041
7042
7049
7056
7057
7058
7063
7065
7072
7073
7089
7104
7128
7168
7169
7171
7172
7174
7175
7176
7178
7180
7182
7183
7184
7185
7188
7191
7192
7193
7194
7197
7200
7205
7209
7210
7211
7212
7216
7218
7220
7221
7224
7225
7232
7233
7234
7236
7237
7242
7244
7249
7250
7252
7265
7266
7267
7269
7272
7280
7288
7296
7298
7302
7304
7306
7308
7312
7315
7321
7328
7332
7346
7348
7361
7362
7363
7380
7381
7392
7408
7424
7426
7427
7429
7430
7432
7434
7436
7437
7441
7442
7444
7446
7448
7453
7455
7462
7466
7468
7474
7480
7488
7489
7493
7502
7505
7512
7520
7523
7525
7538
7540
7553
7556
7566
7569
7584
7586
7587
7632
7649
7672
7680
7681
7684
7693
7698
7700
7704
7713
7714
7718
7720
7724
7727
7730
7737
7745
7747
7749
7752
7758
7763
7764
7768
7788
7792
7796
7808
7809
7810
7812
7816
7824
7826
7844
7857
7872
7890
7925
7937
7945
7953
7954
7972
8012
8018
8061
8064
8065
8066
8069
8096
8098
8171
8192
8193
8194
8195
8196
8198
8199
8200
8201
8202
8203
8204
8208
8209
8210
8212
8213
8215
8216
8217
8218
8219
8220
8221
8222
8223
8224
8225
8226
8227
8228
8229
8230
8231
8233
8234
8235
8236
8237
8238
8240
8241
8243
8244
8245
8246
8248
8249
8250
8251
8252
8254
8256
8257
8258
8260
8261
8262
8263
8264
8265
8266
8267
8268
8269
8270
8272
8274
8275
8276
8277
8280
8282
8283
8285
8287
8288
8289
8290
8292
8293
8296
8297
8299
8301
8302
8304
8305
8308
8309
8312
8320
8322
8323
8324
8325
8326
8328
8329
8330
8332
8333
8335
8338
8339
8343
8345
8346
8347
8350
8353
8356
8358
8359
8360
8361
8362
8363
8365
8366
8368
8369
8371
8374
8375
8376
8377
8379
8380
8383
8384
8385
8386
8387
8388
8389
8390
8391
8395
8399
8400
8403
8408
8410
8412
8413
8416
8417
8419
8425
8426
8428
8429
8430
8432
8433
8441
8444
8445
8448
8449
8451
8452
8454
8455
8456
8458
8459
8460
8461
8462
8463
8464
8465
8466
8467
8468
8470
8471
8472
8473
8474
8476
8478
8480
8482
8484
8486
8488
8489
8490
8493
8496
8497
8498
8499
8504
8506
8508
8512
8513
8514
8516
8517
8518
8520
8521
8524
8528
8529
8530
8532
8533
8534
8535
8536
8539
8540
8546
8549
8550
8552
8553
8556
8557
8561
8562
8563
8564
8565
8572
8576
8577
8578
8581
8584
8586
8587
8588
8589
8590
8593
8594
8595
8596
8600
8602
8607
8608
8609
8611
8612
8613
8616
8618
8620
8624
8625
8626
8630
8636
8640
8641
8642
8644
8645
8647
8649
8653
8656
8658
8660
8671
8672
8673
8678
8681
8682
8684
8694
8697
8704
8705
8706
8707
8709
8710
8711
8712
8713
8714
8715
8717
8718
8719
8720
8721
8722
8723
8724
8727
8728
8729
8730
8733
8734
8735
8736
8738
8739
8740
8741
8742
8743
8744
8746
8747
8750
8752
8756
8757
8764
8766
8769
8770
8771
8772
8773
8775
8776
8777
8778
8779
8781
8784
8786
8787
8798
8800
8801
8802
8803
8805
8806
8807
8809
8811
8813
8816
8817
8819
8825
8833
8834
8836
8837
8838
8840
8842
8843
8846
8848
8849
8850
8852
8854
8855
8858
8861
8863
8864
8866
8868
8869
8872
8876
8877
8880
8881
8883
8884
8885
8888
8892
8896
8897
8898
8899
8900
8901
8905
8912
8914
8917
8924
8928
8930
8931
8932
8934
8940
8946
8948
8950
8960
8961
8962
8963
8964
8966
8968
8970
8971
8977
8978
8982
8984
8985
8988
8992
8993
8995
9000
9001
9008
9009
9013
9014
9016
9018
9024
9025
9026
9028
9031
9035
9040
9041
9042
9048
9051
9052
9056
9057
9058
9060
9064
9080
9088
9091
9093
9096
9097
9098
9100
9108
9109
9110
9111
9112
9116
9120
9122
9124
9128
9156
9157
9188
9208
9214
9216
9217
9218
9219
9220
9221
9222
9223
9224
9226
9227
9228
9232
9233
9234
9235
9237
9238
9239
9240
9243
9244
9246
9248
9249
9250
9251
9252
9253
9254
9255
9256
9257
9258
9259
9260
9261
9264
9265
9266
9267
9268
9272
9276
9278
9280
9281
9282
9283
9284
9286
9287
9288
9289
9290
9296
9298
9299
9300
9301
9304
9305
9306
9308
9312
9313
9316
9317
9318
9321
9325
9328
9330
9331
9338
9344
9345
9346
9348
9349
9352
9357
9358
9360
9361
9362
9364
9365
9370
9373
9374
9376
9378
9380
9384
9385
9386
9389
9392
9396
9397
9398
9401
9408
9410
9412
9413
9416
9417
9419
9424
9425
9426
9427
9436
9440
9447
9456
9462
9464
9472
9473
9474
9476
9478
9479
9480
9482
9485
9487
9488
9489
9492
9494
9496
9498
9503
9504
9506
9509
9512
9513
9515
9518
9519
9520
9521
9523
9524
9525
9530
9537
9538
9541
9545
9547
9552
9564
9572
9573
9578
9580
9588
9600
9602
9603
9604
9606
9607
9608
9609
9610
9614
9616
9618
9620
9621
9632
9633
9638
9640
9650
9652
9664
9667
9674
9675
9681
9698
9728
9729
9730
9732
9734
9736
9737
9738
9740
9744
9745
9748
9750
9751
9752
9758
9760
9762
9764
9765
9766
9768
9769
9770
9771
9774
9777
9780
9782
9792
9794
9795
9797
9804
9805
9808
9810
9814
9819
9825
9826
9827
9833
9834
9836
9838
9848
9856
9857
9860
9861
9862
9864
9865
9874
9876
9880
9884
9888
9890
9904
9906
9920
9921
9922
9924
9928
9946
9955
9961
9974
9984
9988
9990
9993
9994
10001
10005
10006
10008
10010
10016
10020
10021
10030
10033
10049
10050
10057
10058
10060
10069
10088
10096
10112
10114
10116
10118
10133
10144
10148
10153
10155
10160
10164
10176
10181
10184
10185
10186
10222
10240
10241
10242
10243
10244
10245
10246
10247
10248
10249
10251
10253
10255
10256
10257
10259
10260
10261
10262
10264
10267
10268
10270
10272
10274
10276
10278
10280
10281
10282
10283
10286
10287
10289
10290
10291
10293
10294
10298
10303
10304
10305
10306
10308
10309
10310
10312
10313
10314
10316
10317
10318
10320
10321
10322
10324
10326
10327
10328
10329
10338
10341
10343
10344
10352
10354
10356
10358
10361
10364
10366
10368
10370
10371
10372
10373
10376
10377
10378
10379
10380
10381
10382
10386
10387
10388
10390
10392
10396
10397
10398
10400
10401
10404
10405
10409
10414
10416
10419
10420
10421
10422
10424
10425
10427
10428
10432
10433
10435
10437
10438
10440
10443
10444
10445
10447
10450
10451
10453
10454
10460
10464
10467
10472
10473
10481
10482
10486
10496
10497
10498
10499
10500
10501
10503
10506
10507
10510
10512
10514
10516
10520
10521
10528
10529
10530
10532
10533
10540
10545
10547
10548
10552
10560
10561
10562
10563
10564
10565
10566
10568
10578
10580
10583
10588
10592
10593
10595
10610
10611
10616
10624
10625
10626
10628
10630
10633
10634
10637
10640
10643
10648
10656
10658
10660
10661
10662
10678
10680
10681
10688
10702
10708
10724
10752
10753
10754
10756
10760
10761
10762
10765
10767
10768
10769
10770
10773
10774
10776
10778
10780
10782
10784
10785
10786
10787
10789
10800
10804
10808
10810
10813
10816
10817
10818
10820
10822
10824
10825
10827
10828
10830
10832
10836
10842
10844
10850
10853
10858
10860
10864
10866
10868
10880
10881
10882
10883
10886
10887
10888
10890
10893
10896
10898
10900
10904
10912
10915
10917
10920
10922
10930
10944
10947
10948
10950
10951
10960
10964
10968
10978
10986
10993
11008
11010
11012
11016
11018
11023
11024
11027
11028
11029
11032
11042
11044
11052
11056
11070
11072
11073
11088
11089
11093
11096
11106
11120
11128
11139
11144
11150
11160
11172
11196
11200
11202
11210
11232
11236
11264
11265
11266
11268
11269
11274
11280
11284
11285
11288
11289
11290
11295
11296
11297
11299
11300
11306
11312
11313
11314
11322
11328
11330
11331
11332
11336
11337
11338
11339
11344
11350
11356
11360
11364
11377
11388
11393
11394
11396
11401
11404
11408
11410
11418
11419
11420
11422
11425
11426
11432
11434
11441
11444
11460
11468
11472
11490
11494
11521
11525
11526
11528
11529
11530
11532
11542
11545
11554
11555
11556
11568
11584
11588
11593
11601
11616
11619
11625
11632
11640
11648
11650
11657
11664
11673
11682
11685
11693
11712
11720
11726
11730
11776
11777
11778
11780
11783
11785
11793
11794
11799
11800
11803
11809
11812
11814
11816
11817
11819
11824
11830
11840
11841
11843
11856
11860
11862
11882
11904
11906
11908
11912
11922
11932
11941
11944
11972
11984
12003
12009
12035
12036
12040
12049
12052
12066
12067
12068
12080
12084
12098
12099
12115
12116
12160
12166
12192
12288
12289
12290
12291
12292
12293
12294
12295
12298
12299
12300
12302
12304
12305
12306
12308
12312
12314
12316
12317
12318
12322
12324
12325
12326
12328
12329
12330
12331
12332
12334
12335
12336
12337
12338
12340
12341
12343
12344
12345
12349
12352
12353
12354
12355
12356
12357
12358
12360
12361
12363
12364
12366
12367
12368
12369
12370
12372
12373
12379
12381
12384
12385
12393
12394
12396
12400
12403
12416
12417
12419
12420
12421
12422
12425
12426
12429
12430
12432
12433
12444
12445
12448
12450
12451
12457
12460
12464
12466
12469
12472
12476
12482
12484
12486
12488
12489
12491
12496
12497
12502
12512
12520
12528
12532
12536
12544
12545
12546
12547
12548
12552
12554
12555
12556
12558
12560
12562
12568
12570
12572
12573
12576
12577
12581
12583
12584
12592
12596
12601
12608
12609
12610
12612
12614
12616
12617
12618
12621
12624
12626
12640
12641
12648
12656
12660
12665
12666
12668
12672
12673
12674
12676
12678
12679
12680
12683
12688
12689
12690
12692
12700
12704
12705
12709
12713
12717
12721
12736
12737
12740
12747
12752
12760
12768
12770
12800
12801
12802
12804
12805
12806
12808
12809
12810
12812
12816
12820
12822
12823
12827
12828
12832
12834
12836
12839
12840
12841
12843
12844
12845
12846
12848
12853
12856
12863
12865
12872
12873
12880
12884
12888
12896
12897
12898
12900
12901
12904
12906
12907
12908
12927
12929
12934
12936
12937
12938
12944
12946
12956
12958
12960
12962
12964
12965
12972
12977
12980
12992
12994
12995
12996
12997
13001
13004
13005
13008
13011
13024
13026
13056
13057
13058
13059
13060
13061
13064
13070
13075
13078
13090
13092
13094
13096
13100
13104
13105
13122
13123
13125
13126
13129
13133
13136
13137
13138
13153
13156
13168
13169
13176
13181
13184
13185
13188
13190
13193
13196
13200
13201
13204
13211
13216
13218
13233
13248
13251
13253
13312
13313
13314
13315
13318
13320
13322
13324
13326
13328
13329
13330
13331
13333
13334
13336
13344
13345
13346
13349
13351
13352
13353
13355
13361
13362
13364
13365
13368
13370
13372
13374
13376
13377
13379
13380
13381
13383
13384
13385
13386
13388
13389
13392
13395
13400
13402
13406
13408
13416
13418
13440
13442
13446
13447
13448
13452
13454
13457
13459
13464
13468
13472
13473
13476
13480
13484
13490
13504
13505
13510
13514
13519
13520
13521
13522
13528
13536
13541
13568
13569
13570
13572
13576
13578
13584
13586
13587
13588
13590
13591
13601
13602
13605
13610
13614
13622
13624
13632
13636
13639
13642
13653
13654
13666
13674
13688
13696
13697
13698
13700
13705
13728
13729
13730
13732
13761
13775
13824
13825
13827
13828
13829
13832
13836
13837
13840
13841
13856
13857
13860
13872
13875
13888
13889
13893
13894
13896
13901
13912
13922
13936
13941
13952
13953
13956
13961
13962
13965
13968
13973
13979
13984
13992
14016
14021
14025
14032
14080
14081
14082
14083
14088
14089
14090
14091
14092
14112
14113
14117
14118
14128
14132
14144
14145
14147
14176
14217
14296
14337
14338
14341
14342
14346
14347
14350
14352
14353
14355
14357
14359
14361
14364
14368
14369
14370
14371
14372
14373
14374
14376
14377
14378
14380
14381
14382
14384
14385
14386
14387
14393
14394
14396
14397
14400
14401
14405
14406
14408
14409
14417
14421
14432
14434
14440
14448
14449
14456
14464
14465
14466
14468
14472
14477
14480
14482
14487
14490
14496
14499
14500
14504
14512
14514
14528
14529
14530
14540
14552
14560
14566
14577
14584
14593
14595
14596
14597
14602
14604
14605
14613
14614
14616
14621
14627
14628
14636
14637
14640
14642
14643
14656
14659
14660
14662
14664
14680
14681
14688
14689
14708
14713
14720
14722
14724
14728
14730
14736
14737
14761
14768
14792
14804
14848
14849
14853
14854
14857
14860
14864
14865
14868
14880
14882
14883
14885
14896
14901
14904
14912
14915
14917
14920
14921
14927
14933
14943
14945
14976
14978
14984
14992
14993
15001
15012
15021
15028
15040
15041
15044
15048
15052
15055
15072
15076
15092
15104
15107
15108
15113
15117
15120
15144
15145
15156
15161
15168
15172
15208
15217
15233
15234
15272
15362
15363
15364
15365
15367
15368
15370
15372
15373
15376
15377
15378
15381
15384
15390
15392
15393
15399
15400
15408
15424
15426
15428
15430
15448
15456
15458
15476
15488
15490
15491
15493
15497
15498
15504
15505
15506
15510
15512
15520
15525
15529
15540
15552
15566
15572
15588
15616
15617
15620
15625
15630
15632
15652
15654
15680
15711
15745
15750
15792
15808
15809
15824
15872
15873
15876
15878
15880
15891
15900
15904
15924
15944
16000
16001
16016
16065
16096
16122
16128
16136
16141
16144
16204
16256
16260
16265
16384
16385
16386
16387
16388
16389
16390
16391
16392
16394
16395
16396
16397
16399
16400
16402
16404
16405
16406
16408
16409
16410
16411
16413
16414
16416
16418
16419
16420
16422
16423
16424
16427
16428
16430
16432
16433
16434
16435
16436
16437
16438
16441
16444
16446
16447
16448
16449
16450
16451
16452
16453
16454
16455
16456
16457
16458
16459
16460
16462
16463
16464
16465
16466
16468
16469
16470
16471
16472
16473
16474
16475
16480
16481
16482
16483
16484
16485
16486
16487
16488
16491
16492
16495
16496
16498
16500
16501
16503
16504
16505
16507
16508
16510
16512
16513
16514
16515
16516
16517
16520
16522
16524
16526
16528
16529
16530
16531
16532
16533
16534
16535
16536
16538
16540
16541
16544
16545
16546
16547
16549
16550
16553
16554
16556
16557
16560
16561
16562
16565
16566
16568
16570
16576
16577
16578
16579
16580
16581
16582
16584
16587
16588
16590
16592
16593
16596
16601
16608
16609
16611
16612
16616
16617
16621
16624
16625
16628
16632
16640
16641
16642
16643
16644
16646
16648
16649
16650
16656
16657
16659
16662
16664
16667
16668
16669
16672
16673
16676
16677
16679
16680
16682
16684
16686
16688
16696
16704
16705
16707
16709
16710
16712
16713
16714
16716
16719
16720
16721
16722
16724
16725
16726
16728
16733
16734
16736
16739
16740
16741
16744
16745
16746
16748
16750
16754
16770
16771
16772
16773
16775
16778
16779
16781
16782
16783
16784
16787
16789
16790
16792
16800
16802
16803
16804
16808
16809
16814
16817
16818
16819
16820
16821
16825
16832
16833
16836
16838
16840
16846
16849
16852
16866
16868
16870
16872
16883
16888
16896
16897
16898
16899
16900
16901
16904
16905
16906
16907
16908
16909
16910
16911
16912
16913
16914
16917
16920
16921
16922
16928
16929
16930
16936
16937
16938
16942
16946
16948
16949
16950
16951
16952
16955
16957
16958
16960
16961
16962
16964
16966
16969
16970
16971
16972
16973
16974
16976
16984
16985
16986
16987
16988
16989
16992
16995
16997
16998
17004
17012
17015
17018
17024
17025
17026
17029
17030
17032
17033
17036
17038
17040
17041
17042
17044
17046
17052
17056
17057
17058
17060
17064
17065
17067
17072
17073
17078
17080
17082
17086
17090
17091
17092
17093
17098
17101
17111
17120
17121
17123
17124
17127
17153
17154
17155
17157
17158
17160
17161
17162
17164
17166
17168
17169
17171
17173
17181
17185
17186
17188
17195
17198
17199
17200
17201
17203
17209
17212
17216
17217
17225
17232
17233
17234
17235
17236
17237
17238
17243
17248
17250
17256
17268
17273
17280
17282
17283
17285
17286
17288
17298
17300
17304
17305
17308
17310
17312
17313
17320
17322
17323
17328
17345
17349
17352
17357
17365
17380
17384
17408
17409
17410
17411
17412
17413
17414
17415
17416
17419
17420
17421
17422
17423
17424
17425
17426
17428
17429
17430
17431
17433
17436
17438
17440
17443
17444
17445
17446
17449
17454
17456
17457
17458
17459
17460
17461
17463
17464
17465
17472
17473
17474
17476
17477
17480
17481
17482
17484
17488
17493
17494
17496
17497
17502
17504
17507
17510
17513
17514
17516
17517
17521
17524
17525
17528
17532
17536
17538
17542
17545
17547
17549
17550
17552
17553
17556
17560
17568
17569
17572
17573
17576
17578
17581
17590
17600
17603
17604
17605
17607
17608
17622
17626
17632
17634
17636
17642
17644
17653
17654
17658
17664
17665
17666
17667
17668
17669
17675
17676
17681
17684
17688
17689
17697
17698
17699
17700
17702
17704
17708
17712
17714
17724
17728
17729
17730
17731
17734
17736
17738
17740
17742
17748
17753
17756
17760
17761
17762
17764
17766
17768
17776
17792
17793
17794
17796
17797
17799
17800
17801
17804
17809
17810
17811
17812
17824
17826
17843
17845
17857
17859
17865
17872
17876
17880
17892
17904
17920
17921
17922
17923
17924
17925
17930
17932
17934
17939
17942
17944
17946
17949
17952
17953
17954
17956
17958
17960
17963
17965
17970
17972
17976
17981
17985
17988
17990
17994
17996
18000
18003
18018
18020
18026
18048
18052
18053
18057
18059
18064
18067
18068
18069
18070
18072
18082
18085
18086
18090
18096
18112
18113
18120
18122
18129
18145
18148
18150
18153
18176
18177
18178
18179
18180
18181
18183
18184
18186
18191
18192
18203
18209
18221
18230
18242
18248
18256
18272
18282
18298
18304
18305
18306
18308
18310
18321
18328
18337
18356
18373
18384
18394
18416
18432
18433
18434
18436
18438
18440
18441
18442
18444
18447
18448
18449
18450
18451
18452
18454
18456
18458
18464
18465
18466
18467
18469
18472
18476
18477
18480
18481
18483
18484
18487
18489
18491
18496
18497
18498
18499
18500
18501
18502
18505
18506
18508
18509
18513
18514
18516
18517
18518
18520
18523
18524
18528
18529
18530
18532
18544
18545
18547
18560
18561
18562
18564
18566
18567
18569
18570
18571
18572
18576
18578
18580
18581
18582
18584
18586
18588
18591
18592
18593
18594
18596
18597
18598
18600
18603
18604
18607
18609
18614
18616
18624
18625
18629
18630
18632
18636
18640
18641
18644
18645
18656
18658
18659
18664
18668
18673
18675
18680
18683
18688
18689
18690
18691
18692
18693
18695
18696
18702
18704
18705
18708
18713
18714
18718
18721
18722
18723
18724
18726
18728
18734
18738
18744
18748
18752
18753
18754
18756
18758
18760
18762
18768
18769
18772
18773
18777
18785
18787
18788
18789
18793
18800
18804
18808
18820
18824
18834
18840
18848
18849
18851
18864
18881
18882
18883
18884
18886
18896
18900
18901
18906
18920
18932
18944
18945
18947
18948
18952
18954
18955
18957
18958
18959
18960
18963
18964
18965
18966
18968
18969
18972
18974
18976
18978
18980
18981
18991
18993
18994
18997
19000
19001
19004
19008
19009
19011
19012
19013
19016
19019
19020
19024
19025
19027
19028
19034
19038
19040
19041
19042
19046
19052
19061
19064
19072
19073
19074
19077
19080
19086
19090
19092
19093
19098
19104
19125
19136
19138
19139
19153
19158
19168
19172
19200
19201
19202
19203
19207
19208
19215
19216
19218
19219
19220
19222
19224
19226
19232
19233
19236
19237
19238
19240
19246
19248
19250
19264
19265
19266
19270
19272
19278
19288
19296
19301
19304
19315
19330
19332
19336
19340
19344
19369
19378
19392
19396
19400
19424
19456
19457
19459
19460
19462
19465
19469
19470
19472
19474
19476
19477
19480
19484
19485
19488
19489
19492
19493
19496
19497
19503
19504
19506
19508
19510
19516
19520
19522
19529
19538
19540
19542
19545
19546
19552
19553
19554
19556
19559
19564
19570
19584
19585
19586
19587
19588
19590
19592
19594
19597
19616
19617
19621
19622
19648
19652
19657
19664
19669
19676
19700
19705
19712
19713
19714
19715
19716
19720
19721
19728
19730
19731
19732
19736
19740
19744
19749
19752
19760
19761
19772
19777
19778
19780
19782
19785
19788
19808
19809
19812
19840
19841
19864
19870
19874
19876
19894
19908
19920
19968
19969
19970
19972
19976
19977
19978
19979
19981
19984
19988
19990
19997
20000
20001
20004
20005
20009
20016
20024
20032
20034
20056
20069
20080
20096
20100
20102
20103
20106
20112
20114
20128
20136
20160
20170
20192
20198
20225
20226
20227
20230
20232
20240
20242
20255
20293
20313
20352
20357
20374
20385
20416
20480
20481
20482
20484
20485
20486
20487
20488
20489
20491
20492
20493
20494
20496
20497
20499
20500
20501
20504
20506
20507
20512
20513
20515
20518
20519
20521
20522
20524
20525
20527
20528
20529
20533
20535
20536
20537
20540
20544
20545
20547
20548
20549
20553
20554
20556
20559
20560
20562
20564
20565
20566
20568
20570
20572
20574
20576
20577
20581
20584
20587
20588
20593
20594
20598
20609
20610
20611
20612
20613
20614
20616
20619
20620
20624
20625
20626
20628
20630
20636
20640
20641
20642
20643
20644
20645
20647
20648
20649
20650
20652
20656
20673
20674
20675
20680
20682
20686
20690
20691
20692
20693
20695
20704
20708
20709
20711
20712
20713
20716
20717
20736
20737
20738
20739
20741
20743
20746
20747
20749
20750
20751
20752
20753
20754
20755
20756
20758
20759
20760
20762
20768
20769
20770
20776
20777
20778
20779
20781
20787
20793
20796
20803
20805
20808
20816
20817
20819
20820
20827
20834
20835
20836
20840
20844
20864
20865
20867
20874
20876
20878
20884
20888
20896
20897
20900
20901
20904
20916
20928
20939
20944
20945
20952
20962
20964
20992
20994
20995
20996
20997
20998
20999
21000
21001
21002
21005
21006
21008
21009
21010
21011
21014
21018
21019
21024
21025
21028
21031
21032
21033
21035
21039
21040
21041
21042
21051
21056
21057
21058
21060
21062
21068
21072
21074
21075
21076
21081
21084
21089
21093
21094
21097
21104
21105
21120
21121
21122
21124
21125
21129
21131
21133
21136
21145
21148
21152
21154
21156
21158
21168
21173
21177
21185
21186
21190
21192
21208
21210
21222
21227
21248
21249
21250
21251
21252
21254
21255
21257
21258
21260
21262
21266
21267
21269
21272
21275
21282
21284
21285
21288
21289
21296
21312
21313
21318
21328
21329
21330
21344
21345
21352
21376
21380
21381
21384
21392
21396
21414
21424
21440
21441
21474
21504
21505
21507
21509
21512
21513
21514
21516
21517
21520
21521
21522
21525
21529
21531
21533
21534
21537
21538
21539
21540
21542
21544
21545
21546
21547
21548
21552
21553
21568
21570
21573
21576
21586
21592
21594
21600
21601
21620
21624
21632
21634
21636
21637
21642
21643
21648
21649
21662
21669
21670
21672
21677
21682
21684
21688
21692
21696
21706
21710
21712
21713
21717
21728
21732
21736
21760
21761
21762
21764
21765
21768
21769
21771
21773
21774
21776
21780
21787
21788
21789
21792
21796
21806
21812
21833
21834
21841
21846
21856
21872
21888
21890
21894
21897
21904
21921
21923
21950
21952
21960
22016
22017
22018
22020
22021
22022
22026
22033
22036
22043
22048
22049
22050
22056
22057
22058
22061
22064
22067
22076
22081
22084
22088
22089
22100
22104
22106
22112
22144
22146
22148
22149
22152
22160
22161
22162
22177
22178
22180
22216
22256
22272
22274
22277
22278
22280
22282
22286
22288
22305
22307
22336
22337
22348
22400
22416
22420
22464
22486
22528
22529
22530
22533
22535
22536
22537
22538
22539
22540
22541
22542
22543
22544
22545
22546
22550
22554
22560
22564
22568
22570
22575
22576
22588
22592
22594
22598
22600
22602
22603
22610
22612
22616
22624
22628
22645
22656
22657
22658
22666
22672
22674
22676
22677
22680
22683
22689
22690
22698
22704
22722
22725
22760
22784
22785
22786
22792
22796
22797
22800
22801
22802
22803
22806
22808
22810
22824
22832
22836
22838
22848
22849
22850
22852
22853
22859
22864
22866
22882
22886
22887
22892
22896
22912
22915
22916
22921
22924
22925
22936
22944
22980
22996
22997
23026
23040
23042
23043
23046
23048
23049
23052
23056
23058
23059
23064
23066
23072
23074
23076
23077
23081
23088
23106
23110
23148
23168
23171
23172
23184
23204
23206
23236
23240
23264
23292
23296
23297
23305
23312
23322
23373
23377
23383
23392
23409
23424
23433
23438
23458
23466
23552
23553
23554
23556
23557
23560
23563
23564
23568
23576
23586
23587
23588
23590
23592
23594
23600
23602
23606
23616
23618
23624
23626
23628
23636
23640
23654
23664
23684
23689
23692
23705
23722
23732
23744
23746
23747
23748
23764
23772
23784
23792
23808
23809
23811
23816
23817
23819
23826
23840
23841
23873
23880
23890
23904
23908
23927
23936
23937
23938
23940
23952
23956
23968
24004
24018
24068
24069
24070
24074
24082
24096
24098
24100
24106
24133
24136
24152
24168
24209
24212
24258
24264
24300
24320
24336
24352
24358
24386
24426
24448
24476
24576
24577
24578
24579
24580
24581
24582
24584
24585
24586
24587
24588
24589
24590
24591
24592
24594
24595
24596
24597
24600
24601
24603
24607
24608
24609
24613
24614
24615
24616
24617
24618
24620
24622
24626
24627
24628
24629
24632
24633
24634
24640
24641
24642
24648
24652
24656
24657
24658
24660
24662
24663
24665
24666
24669
24672
24673
24674
24677
24678
24680
24681
24684
24689
24690
24699
24705
24706
24708
24709
24710
24711
24712
24713
24714
24715
24720
24722
24724
24725
24728
24734
24735
24736
24737
24738
24739
24740
24742
24743
24747
24748
24749
24754
24756
24768
24769
24772
24774
24775
24776
24777
24778
24784
24787
24788
24792
24800
24804
24805
24813
24820
24826
24828
24832
24833
24834
24836
24837
24838
24840
24843
24848
24850
24852
24854
24857
24858
24861
24864
24866
24868
24871
24872
24873
24874
24880
24881
24884
24889
24894
24896
24897
24899
24900
24901
24903
24905
24908
24910
24912
24922
24928
24932
24953
24964
24968
24969
24972
24974
24977
24978
24979
24985
24992
24993
24996
25000
25001
25003
25007
25008
25024
25028
25039
25040
25042
25044
25049
25057
25064
25072
25079
25081
25089
25092
25093
25096
25097
25100
25101
25102
25103
25104
25108
25109
25110
25112
25114
25116
25120
25121
25122
25124
25126
25128
25132
25136
25142
25146
25152
25153
25154
25156
25158
25160
25161
25162
25164
25166
25169
25172
25176
25184
25185
25186
25188
25202
25204
25208
25216
25217
25218
25228
25229
25232
25234
25236
25240
25242
25244
25249
25252
25255
25259
25268
25273
25281
25284
25288
25305
25312
25320
25322
25344
25346
25347
25349
25352
25354
25360
25364
25376
25378
25383
25384
25385
25388
25392
25408
25409
25413
25440
25450
25458
25473
25482
25504
25505
25517
25522
25536
25538
25552
25560
25569
25570
25600
25601
25603
25604
25605
25606
25607
25608
25609
25610
25612
25617
25620
25621
25623
25624
25632
25635
25636
25641
25642
25648
25652
25654
25656
25665
25668
25676
25677
25680
25682
25684
25689
25698
25712
25728
25730
25732
25734
25740
25744
25748
25761
25762
25764
25772
25780
25792
25793
25794
25797
25798
25800
25816
25830
25834
25842
25856
25858
25859
25860
25862
25864
25866
25867
25868
25874
25877
25888
25891
25897
25901
25902
25904
25920
25921
25922
25923
25924
25925
25937
25940
25948
25956
25957
25964
25984
25986
26001
26008
26012
26020
26048
26064
26066
26085
26112
26114
26115
26116
26117
26125
26128
26130
26132
26136
26144
26147
26152
26154
26156
26160
26161
26168
26176
26180
26181
26192
26194
26200
26212
26215
26240
26242
26250
26252
26273
26278
26280
26288
26298
26304
26309
26310
26332
26368
26369
26370
26373
26400
26410
26427
26434
26436
26581
26624
26625
26627
26628
26629
26631
26632
26633
26634
26635
26636
26637
26638
26640
26644
26645
26646
26650
26652
26654
26656
26658
26664
26665
26667
26668
26671
26673
26675
26676
26678
26680
26688
26690
26693
26696
26697
26698
26699
26701
26705
26707
26708
26710
26717
26720
26721
26722
26730
26732
26740
26752
26755
26756
26758
26759
26760
26761
26762
26765
26768
26773
26784
26786
26792
26804
26816
26820
26825
26828
26829
26832
26836
26844
26848
26850
26854
26856
26866
26880
26882
26883
26884
26885
26886
26887
26890
26891
26896
26898
26900
26913
26914
26920
26946
26947
26950
26952
26953
26956
26962
26992
26996
27008
27011
27013
27014
27031
27040
27044
27072
27073
27136
27137
27138
27142
27144
27149
27150
27152
27156
27158
27161
27163
27164
27168
27169
27172
27173
27176
27184
27185
27188
27192
27200
27201
27202
27203
27210
27212
27216
27228
27236
27243
27251
27264
27265
27266
27269
27272
27273
27279
27282
27298
27300
27312
27330
27384
27392
27396
27405
27408
27425
27426
27432
27536
27539
27552
27648
27649
27650
27652
27654
27655
27656
27657
27658
27659
27660
27664
27668
27674
27680
27681
27683
27690
27703
27712
27713
27714
27719
27732
27744
27752
27763
27777
27781
27792
27800
27808
27815
27836
27840
27842
27852
27856
27905
27906
27909
27910
27916
27920
27931
27938
27944
27981
28000
28005
28032
28036
28052
28069
28113
28164
28172
28177
28186
28202
28224
28240
28241
28256
28288
28289
28291
28356
28393
28403
28418
28457
28480
28544
28575
28672
28673
28674
28678
28680
28681
28682
28683
28684
28685
28686
28688
28689
28690
28693
28694
28698
28700
28701
28704
28705
28707
28710
28712
28713
28719
28720
28721
28724
28736
28737
28738
28741
28742
28744
28747
28752
28768
28769
28772
28774
28775
28778
28784
28785
28802
28803
28804
28806
28808
28810
28812
28814
28816
28832
28834
28836
28848
28850
28853
28858
28864
28866
28868
28872
28875
28877
28882
28892
28928
28929
28930
28932
28933
28936
28937
28945
28948
28949
28950
28952
28955
28960
28962
28964
28966
28969
28974
28986
28992
29002
29036
29040
29048
29056
29057
29058
29061
29062
29064
29069
29072
29073
29080
29084
29089
29090
29104
29108
29125
29127
29144
29155
29188
29189
29192
29193
29200
29204
29208
29216
29218
29220
29224
29226
29232
29235
29239
29248
29249
29265
29270
29291
29297
29312
29313
29316
29318
29331
29345
29378
29384
29388
29392
29442
29456
29457
29459
29460
29461
29472
29474
29489
29528
29547
29569
29584
29586
29600
29601
29667
29690
29696
29697
29698
29700
29704
29705
29708
29712
29713
29714
29715
29718
29729
29730
29736
29740
29749
29760
29762
29766
29772
29775
29778
29782
29800
29804
29806
29827
29828
29830
29841
29842
29848
29852
29856
29875
29888
29898
29909
29952
29956
29960
29961
29964
29969
29970
29972
29973
29974
29984
29985
29990
30066
30080
30112
30212
30214
30217
30228
30232
30240
30244
30248
30260
30306
30336
30344
30347
30348
30514
30516
30528
30532
30628
30720
30722
30724
30725
30726
30727
30728
30730
30738
30741
30744
30747
30748
30752
30753
30756
30758
30760
30762
30764
30768
30785
30789
30793
30810
30825
30832
30848
30849
30850
30852
30853
30856
30860
30866
30867
30872
30882
30884
30905
30914
30916
30920
30936
30976
30978
30979
30982
30992
31009
31020
31028
31033
31040
31042
31048
31052
31076
31106
31136
31172
31188
31232
31240
31241
31272
31280
31296
31301
31328
31361
31384
31392
31408
31431
31473
31474
31520
31552
31554
31616
31617
31622
31744
31745
31748
31750
31760
31764
31776
31778
31785
31817
31821
31826
31874
31897
31904
32000
32001
32003
32004
32008
32053
32065
32128
32244
32256
32260
32261
32276
32290
32296
32333
32388
32400
32481
32580
32659
