

767 








983 





























957 


659 












838 















































1007 




963 










516 

735 












918 








1005 


















539 





823 
861 






















827 












802 889 1017 











772 





1014 






















746 
959 


370 


544 






















941 
939 











861 
767 












746 



















667 








703 












644 



567 661 1006 



373 



846 

732 822 






767 

252 


355 

873 



1012 

666 739 

694 








882 


789 

683 



















607 
637 




475 








570 





697 1023 




940 

852 
603 
486 


765 




635 


1008 





935 






955 



423 









830 
447 
668 










622 
632 773 



793 

574 

591 854 
671 

1016 





121 






















164 




255 











947 










351 929 


432 



505 






679 









507 804 











446 

1002 

417 


957 











498 









499 


455 

418 915 
717 





347 










858 



44 

351 




381 
325 
487 

727 
508 





687 

581 



397 



677 






383 


438 





334 






867 






638 


823 



749 

947 
670 




361 


123 



381 
825 

975 
955 

926 
248 305 


724 






840 

831 






450 

2 292 368 




219 
499 















395 



503 








207 

591 

















361 
170 720 

740 

194 


485 
758 






57 

756 





359 

950 



445 

507 



655 


171 291 





710 





375 




984 



392 

922 




207 





1008 



















637 


136 



884 



745 


567 





464 
986 


279 
443 
278 





556 726 


848 




471 743 

41 610 

249 



110 











742 







11 
878 

936 















605 


145 
351 
105 
458 895 



379 

225 

510 
207 





438 
