0
1
2
3
4
5
6
7
8
9
10
11
12
13
14
15
16
17
18
19
20
21
22
23
24
25
26
27
28
29
30
31
32
33
34
35
36
37
38
39
40
41
42
43
44
45
46
47
48
49
50
51
52
53
54
55
56
57
58
59
60
61
62
63
64
65
66
67
68
69
70
71
72
73
74
75
76
77
78
79
80
81
82
83
84
85
86
87
88
89
90
91
92
93
94
95
96
97
98
99
100
101
102
103
104
105
106
107
108
109
110
111
112
113
114
115
116
117
118
119
120
121
122
123
124
125
126
127
128
129
130
131
132
133
134
135
136
137
138
139
140
141
142
143
144
145
146
147
148
149
150
151
152
153
154
155
156
157
158
159
160
161
162
163
164
165
166
167
168
169
170
171
172
173
174
175
176
177
178
179
180
181
182
183
184
185
186
187
188
189
190
191
192
193
194
195
196
197
198
199
200
201
202
203
204
205
206
207
208
209
210
211
212
213
214
215
216
217
218
219
220
221
222
223
224
225
226
227
228
229
230
231
232
233
234
235
236
237
238
239
240
241
242
243
244
245
246
247
248
249
250
251
252
253
254
255
256
257
258
259
260
261
262
263
264
265
266
267
268
269
270
271
272
273
274
275
276
277
278
279
280
281
282
283
284
285
286
287
288
289
290
291
292
293
294
295
296
297
298
299
300
301
302
303
304
305
306
307
308
309
310
311
312
313
314
315
316
317
318
319
320
321
322
323
324
325
326
327
328
329
330
331
332
333
334
335
336
337
338
339
340
341
342
343
344
345
346
347
348
349
350
351
352
353
354
355
356
357
358
359
360
361
362
363
365
366
367
368
369
370
371
372
373
374
375
376
377
378
379
380
381
382
383
384
385
386
387
388
389
390
391
392
393
394
395
396
397
398
399
400
401
402
403
404
405
406
408
409
410
411
412
413
414
415
416
417
418
419
420
421
422
423
424
425
426
427
428
429
430
431
432
433
434
435
436
437
438
439
440
441
442
443
444
445
446
447
448
449
450
451
452
453
454
455
456
457
458
459
460
461
462
463
464
465
466
467
468
469
470
471
472
473
474
475
476
477
478
479
480
481
482
483
484
485
486
487
488
489
490
491
492
493
494
495
496
497
498
499
500
501
502
503
504
505
506
507
508
509
510
511
512
513
514
515
516
517
518
519
520
521
522
523
524
525
526
527
528
529
530
531
532
533
534
535
536
537
538
539
540
541
542
544
545
546
547
548
549
550
551
552
553
554
555
556
557
558
559
560
561
562
563
564
565
566
567
568
569
570
571
572
573
574
575
576
577
578
579
580
581
582
583
584
585
586
587
588
589
590
591
592
593
594
595
596
597
598
600
601
602
603
604
605
606
607
608
609
610
611
612
613
614
615
616
617
618
619
620
621
622
623
624
625
626
627
628
629
630
631
632
633
634
635
636
637
638
639
640
641
642
643
644
645
646
647
648
649
650
651
652
653
654
655
656
657
658
659
660
661
662
663
664
665
666
667
668
669
670
671
672
673
674
675
676
677
678
679
680
681
682
683
684
685
686
687
688
689
690
691
692
693
694
695
696
697
698
699
700
701
702
703
704
705
706
707
708
709
710
711
712
713
714
715
716
717
718
719
720
721
722
723
724
725
726
727
728
729
730
731
732
733
734
736
737
738
739
740
741
742
743
744
745
746
747
748
749
750
751
752
753
754
755
756
757
758
760
761
762
763
764
765
766
767
768
769
770
771
772
773
774
775
776
777
778
779
780
781
782
783
784
785
786
787
788
789
790
791
792
793
794
795
796
797
798
799
800
801
802
803
804
805
806
807
808
809
810
811
812
813
814
816
817
818
819
820
821
822
823
824
825
826
827
828
829
830
831
832
833
834
835
836
837
838
839
840
841
842
843
844
845
846
847
848
849
850
851
852
853
854
855
856
857
858
859
860
861
862
863
864
865
866
867
868
869
870
871
872
873
874
875
876
877
878
879
880
881
882
883
884
886
887
888
889
890
891
892
893
894
895
896
897
898
899
900
901
902
903
904
905
906
907
908
909
910
912
913
914
915
916
917
918
919
920
921
922
923
924
925
926
927
928
929
930
931
932
933
934
935
936
937
938
939
940
941
942
943
944
945
946
947
948
949
950
951
952
953
954
955
956
957
958
959
960
961
962
963
964
965
966
967
968
969
970
971
972
973
974
975
976
977
978
979
980
981
982
983
984
987
988
989
990
991
992
993
994
995
996
997
998
1000
1001
1002
1003
1004
1005
1006
1007
1008
1009
1011
1012
1013
1014
1015
1016
1017
1018
1019
1020
1021
1022
1023
1024
1025
1026
1027
1028
1029
1030
1031
1032
1033
1034
1035
1036
1037
1038
1039
1040
1041
1042
1043
1044
1045
1046
1047
1048
1049
1050
1051
1052
1053
1054
1055
1056
1057
1058
1059
1060
1061
1062
1063
1064
1065
1066
1067
1068
1069
1070
1071
1072
1073
1074
1075
1076
1077
1078
1079
1080
1081
1082
1083
1084
1085
1086
1088
1089
1090
1091
1092
1093
1094
1095
1096
1097
1098
1099
1100
1101
1102
1103
1104
1105
1106
1107
1108
1109
1110
1111
1112
1114
1115
1116
1117
1118
1119
1120
1121
1122
1123
1124
1125
1126
1127
1128
1129
1130
1131
1132
1133
1134
1135
1136
1137
1138
1139
1140
1141
1142
1143
1144
1145
1146
1147
1148
1149
1150
1151
1152
1153
1154
1155
1156
1157
1158
1159
1160
1161
1162
1163
1164
1165
1166
1167
1168
1169
1170
1171
1172
1173
1174
1175
1176
1177
1178
1179
1180
1181
1182
1183
1184
1185
1186
1187
1188
1189
1190
1191
1192
1193
1194
1195
1196
1197
1198
1199
1200
1201
1202
1203
1204
1205
1206
1207
1208
1209
1210
1211
1212
1213
1214
1215
1216
1217
1218
1219
1220
1221
1222
1223
1224
1226
1227
1228
1229
1230
1231
1232
1233
1234
1235
1236
1237
1238
1239
1240
1241
1242
1243
1244
1245
1247
1248
1249
1250
1251
1252
1253
1254
1255
1256
1257
1258
1259
1260
1261
1262
1263
1264
1265
1266
1268
1269
1270
1271
1272
1273
1274
1275
1276
1277
1279
1280
1281
1282
1283
1284
1285
1286
1287
1288
1289
1290
1291
1292
1293
1294
1295
1296
1297
1298
1299
1300
1301
1302
1303
1304
1305
1306
1307
1308
1309
1310
1311
1312
1313
1314
1315
1316
1317
1318
1319
1320
1321
1322
1323
1324
1325
1326
1327
1328
1329
1330
1331
1333
1334
1335
1336
1337
1338
1339
1340
1341
1342
1343
1344
1345
1346
1347
1348
1349
1350
1351
1353
1354
1355
1356
1357
1358
1359
1360
1361
1362
1363
1364
1365
1366
1367
1368
1369
1370
1372
1373
1374
1376
1377
1378
1379
1380
1381
1382
1383
1384
1385
1386
1388
1389
1390
1392
1393
1394
1395
1397
1398
1399
1400
1401
1402
1403
1404
1405
1406
1407
1408
1409
1410
1411
1412
1413
1414
1415
1416
1417
1418
1420
1421
1422
1423
1424
1425
1426
1427
1428
1429
1430
1431
1432
1433
1434
1436
1437
1438
1440
1441
1442
1443
1444
1445
1446
1447
1448
1450
1451
1452
1453
1454
1455
1456
1457
1458
1459
1460
1461
1463
1464
1465
1466
1467
1468
1469
1470
1471
1472
1473
1474
1475
1476
1477
1479
1480
1481
1482
1483
1484
1485
1486
1487
1488
1489
1490
1491
1492
1493
1494
1495
1496
1497
1498
1499
1500
1501
1502
1504
1505
1508
1509
1510
1511
1512
1513
1514
1515
1516
1518
1519
1520
1521
1522
1523
1524
1525
1526
1527
1528
1529
1530
1532
1533
1536
1537
1538
1539
1540
1541
1543
1544
1545
1546
1547
1548
1549
1550
1551
1552
1553
1554
1555
1556
1557
1558
1559
1560
1561
1562
1563
1564
1565
1566
1567
1568
1569
1570
1571
1572
1573
1574
1575
1576
1577
1578
1579
1580
1581
1582
1583
1585
1586
1587
1588
1589
1590
1591
1592
1593
1594
1595
1596
1597
1598
1599
1600
1601
1602
1603
1604
1605
1606
1607
1609
1610
1611
1612
1613
1614
1615
1616
1617
1618
1619
1620
1621
1622
1623
1624
1625
1626
1627
1628
1629
1630
1631
1632
1633
1634
1635
1636
1637
1638
1639
1640
1641
1642
1643
1644
1645
1646
1647
1648
1649
1650
1651
1652
1654
1655
1656
1657
1658
1659
1660
1661
1662
1663
1664
1665
1666
1667
1668
1669
1670
1671
1672
1673
1675
1676
1677
1678
1679
1680
1681
1682
1683
1684
1685
1686
1687
1688
1689
1691
1692
1694
1695
1696
1697
1698
1699
1700
1701
1702
1703
1704
1705
1706
1707
1708
1709
1710
1711
1712
1713
1714
1715
1716
1717
1718
1719
1720
1721
1722
1723
1724
1725
1726
1727
1728
1729
1731
1732
1733
1734
1735
1736
1739
1740
1741
1742
1743
1744
1745
1746
1747
1748
1749
1750
1752
1753
1754
1755
1756
1757
1759
1761
1762
1763
1764
1766
1767
1768
1769
1770
1771
1772
1773
1774
1776
1777
1778
1779
1780
1781
1782
1783
1784
1785
1787
1788
1790
1792
1793
1794
1795
1796
1797
1798
1799
1800
1801
1802
1803
1804
1805
1806
1807
1808
1809
1810
1811
1812
1813
1814
1815
1816
1817
1818
1819
1820
1821
1822
1823
1824
1825
1826
1827
1828
1830
1831
1832
1833
1834
1835
1836
1837
1838
1841
1842
1843
1844
1845
1846
1847
1848
1849
1850
1851
1852
1855
1856
1858
1859
1860
1861
1862
1863
1864
1865
1866
1867
1869
1870
1871
1872
1873
1874
1875
1876
1878
1879
1880
1881
1882
1883
1884
1885
1886
1887
1888
1889
1890
1892
1893
1894
1895
1896
1898
1899
1900
1901
1902
1903
1904
1905
1906
1907
1908
1909
1910
1911
1913
1915
1916
1917
1918
1919
1920
1921
1922
1923
1924
1925
1926
1927
1928
1929
1930
1931
1932
1933
1935
1936
1937
1938
1939
1940
1941
1943
1944
1945
1946
1947
1949
1950
1951
1952
1953
1954
1955
1956
1957
1958
1960
1961
1962
1963
1965
1966
1967
1968
1969
1970
1971
1972
1973
1974
1975
1976
1977
1978
1979
1981
1983
1984
1985
1986
1987
1988
1989
1990
1991
1992
1993
1994
1996
1998
1999
2000
2001
2002
2003
2004
2005
2007
2008
2010
2011
2012
2014
2015
2018
2019
2020
2021
2022
2023
2028
2029
2030
2032
2033
2034
2035
2036
2037
2038
2039
2040
2041
2042
2043
2044
2045
2047
2048
2049
2050
2051
2052
2053
2054
2055
2056
2057
2058
2059
2060
2061
2062
2063
2064
2065
2066
2067
2068
2069
2070
2071
2072
2073
2074
2075
2076
2077
2078
2079
2080
2081
2082
2083
2084
2085
2086
2088
2089
2090
2091
2092
2094
2095
2096
2097
2098
2099
2100
2101
2102
2104
2105
2106
2107
2108
2109
2110
2111
2112
2113
2114
2115
2116
2117
2119
2120
2121
2122
2123
2124
2125
2126
2127
2128
2129
2130
2131
2132
2133
2134
2136
2138
2139
2140
2141
2144
2145
2146
2147
2149
2150
2151
2152
2153
2154
2155
2156
2157
2158
2159
2160
2161
2162
2163
2164
2165
2166
2168
2169
2170
2171
2172
2173
2174
2175
2176
2177
2178
2180
2181
2182
2183
2184
2185
2186
2187
2188
2189
2190
2191
2192
2193
2194
2196
2197
2199
2200
2201
2202
2203
2204
2205
2206
2207
2209
2210
2211
2212
2213
2214
2215
2216
2217
2218
2219
2221
2222
2223
2224
2225
2226
2227
2228
2230
2232
2233
2234
2235
2236
2238
2240
2241
2242
2243
2244
2245
2246
2247
2248
2249
2250
2251
2253
2254
2255
2256
2257
2258
2260
2261
2262
2263
2264
2265
2266
2267
2269
2270
2271
2272
2273
2275
2276
2277
2278
2279
2280
2281
2282
2283
2284
2285
2286
2288
2289
2290
2291
2292
2293
2294
2295
2296
2297
2298
2299
2300
2301
2302
2304
2305
2306
2307
2308
2310
2311
2312
2313
2314
2315
2316
2318
2319
2320
2321
2322
2323
2324
2325
2326
2327
2328
2330
2331
2332
2333
2334
2335
2336
2337
2338
2339
2340
2341
2342
2343
2344
2345
2346
2347
2349
2350
2351
2352
2353
2354
2356
2358
2359
2360
2362
2363
2364
2365
2366
2367
2368
2369
2370
2371
2372
2373
2374
2375
2376
2377
2378
2379
2380
2381
2382
2383
2384
2385
2386
2387
2388
2390
2391
2392
2394
2395
2396
2397
2399
2400
2401
2402
2404
2405
2406
2409
2410
2411
2412
2413
2414
2416
2417
2418
2419
2420
2422
2424
2425
2426
2427
2428
2429
2430
2431
2432
2433
2434
2435
2436
2437
2439
2440
2441
2442
2443
2444
2445
2446
2447
2448
2449
2450
2451
2452
2453
2454
2456
2457
2458
2459
2460
2461
2463
2464
2465
2466
2467
2468
2469
2470
2471
2472
2473
2474
2475
2477
2480
2481
2482
2483
2487
2489
2490
2491
2492
2493
2494
2496
2498
2499
2500
2501
2502
2503
2504
2505
2507
2508
2509
2510
2511
2512
2513
2515
2516
2517
2518
2519
2520
2521
2522
2523
2524
2526
2528
2529
2530
2532
2533
2535
2536
2537
2538
2539
2541
2542
2544
2545
2546
2547
2548
2550
2551
2552
2560
2561
2562
2563
2564
2565
2566
2568
2569
2572
2574
2575
2576
2577
2579
2580
2581
2582
2583
2584
2585
2586
2588
2589
2590
2591
2592
2593
2594
2595
2596
2600
2601
2602
2603
2604
2605
2606
2607
2608
2609
2610
2611
2612
2613
2615
2616
2617
2618
2619
2620
2624
2625
2626
2627
2628
2629
2630
2632
2633
2634
2635
2636
2637
2638
2639
2640
2641
2642
2643
2644
2645
2646
2647
2648
2649
2650
2651
2652
2653
2654
2655
2656
2658
2659
2660
2661
2662
2663
2665
2666
2667
2668
2669
2670
2671
2672
2673
2675
2676
2678
2681
2683
2685
2686
2687
2688
2689
2690
2691
2692
2693
2694
2695
2698
2700
2701
2702
2703
2704
2705
2706
2707
2708
2709
2711
2712
2713
2714
2716
2718
2719
2720
2721
2724
2725
2726
2727
2728
2729
2730
2731
2732
2736
2737
2738
2739
2740
2741
2742
2744
2745
2746
2747
2749
2750
2751
2752
2753
2754
2755
2756
2759
2761
2762
2763
2764
2765
2766
2767
2769
2770
2771
2772
2773
2774
2775
2776
2777
2778
2780
2782
2783
2784
2786
2788
2789
2793
2794
2795
2796
2797
2798
2799
2800
2801
2802
2803
2804
2805
2809
2810
2811
2815
2816
2817
2818
2819
2820
2822
2823
2824
2825
2826
2827
2828
2829
2830
2831
2832
2833
2834
2835
2836
2837
2838
2839
2840
2841
2844
2845
2846
2847
2848
2849
2850
2851
2852
2853
2854
2855
2856
2857
2858
2860
2861
2862
2863
2864
2865
2866
2867
2868
2869
2870
2871
2873
2874
2876
2877
2878
2879
2880
2881
2883
2884
2885
2886
2887
2888
2889
2890
2891
2892
2893
2895
2896
2897
2899
2900
2901
2903
2904
2905
2906
2908
2910
2911
2912
2914
2915
2916
2918
2919
2920
2921
2922
2923
2925
2926
2927
2928
2929
2930
2931
2932
2936
2937
2938
2939
2940
2941
2943
2944
2946
2947
2948
2949
2950
2952
2954
2955
2956
2957
2958
2959
2960
2961
2962
2964
2968
2972
2973
2974
2977
2978
2979
2980
2981
2984
2986
2987
2988
2989
2991
2992
2993
2995
2997
2998
3000
3004
3006
3008
3009
3010
3011
3012
3014
3016
3017
3018
3019
3021
3024
3025
3026
3027
3032
3033
3034
3035
3036
3040
3041
3042
3044
3046
3047
3049
3050
3052
3055
3056
3058
3060
3061
3067
3069
3070
3072
3073
3074
3075
3076
3077
3078
3079
3080
3081
3082
3083
3084
3085
3086
3087
3088
3089
3090
3091
3092
3093
3094
3095
3096
3097
3099
3100
3101
3104
3105
3106
3107
3108
3109
3110
3111
3112
3113
3114
3115
3116
3117
3118
3119
3120
3121
3123
3124
3125
3128
3129
3130
3136
3137
3138
3139
3140
3141
3142
3143
3144
3145
3146
3148
3149
3150
3151
3152
3153
3154
3155
3156
3157
3159
3160
3161
3162
3163
3166
3168
3169
3170
3172
3173
3174
3175
3176
3177
3178
3179
3181
3182
3183
3185
3186
3188
3189
3190
3191
3192
3193
3195
3196
3197
3198
3200
3201
3202
3203
3204
3205
3208
3209
3210
3212
3213
3216
3217
3218
3219
3221
3222
3223
3224
3225
3226
3227
3228
3230
3231
3232
3233
3234
3235
3238
3239
3241
3242
3243
3244
3246
3247
3249
3250
3251
3252
3254
3256
3258
3259
3261
3262
3264
3265
3266
3267
3268
3270
3271
3272
3274
3276
3277
3278
3279
3280
3281
3284
3286
3287
3288
3289
3290
3291
3294
3297
3298
3299
3300
3302
3303
3304
3305
3307
3308
3309
3310
3311
3312
3313
3314
3315
3316
3317
3320
3322
3323
3324
3325
3328
3329
3330
3331
3332
3333
3334
3335
3336
3337
3338
3339
3340
3342
3344
3345
3346
3347
3348
3349
3350
3352
3353
3355
3356
3359
3360
3361
3362
3363
3364
3365
3366
3368
3369
3370
3371
3372
3373
3374
3375
3377
3378
3379
3380
3381
3382
3384
3386
3387
3388
3390
3391
3392
3393
3394
3395
3396
3397
3398
3399
3401
3402
3403
3407
3410
3412
3413
3414
3416
3417
3418
3420
3421
3422
3424
3426
3427
3428
3429
3433
3434
3435
3436
3439
3440
3441
3443
3444
3446
3448
3450
3454
3456
3457
3459
3460
3461
3463
3464
3465
3466
3468
3472
3473
3474
3475
3480
3481
3483
3485
3486
3487
3488
3489
3490
3491
3492
3493
3494
3497
3500
3502
3503
3505
3508
3509
3511
3512
3515
3518
3520
3521
3522
3523
3526
3529
3531
3532
3533
3534
3537
3538
3539
3540
3541
3544
3548
3552
3553
3555
3556
3557
3560
3561
3563
3564
3565
3568
3569
3572
3573
3574
3576
3581
3584
3585
3586
3587
3588
3589
3590
3592
3594
3597
3598
3599
3600
3602
3603
3604
3605
3608
3609
3610
3612
3614
3616
3617
3618
3621
3622
3623
3624
3625
3626
3627
3628
3629
3630
3631
3632
3634
3635
3637
3638
3640
3641
3643
3644
3645
3646
3647
3648
3650
3652
3653
3655
3656
3657
3658
3659
3660
3661
3662
3664
3666
3667
3669
3670
3671
3672
3673
3674
3675
3678
3681
3682
3683
3686
3687
3688
3689
3695
3698
3702
3704
3707
3710
3711
3712
3713
3714
3716
3717
3718
3719
3720
3722
3726
3728
3729
3732
3734
3735
3736
3741
3744
3746
3748
3749
3750
3752
3753
3754
3756
3757
3760
3761
3762
3766
3769
3770
3774
3776
3777
3780
3782
3783
3784
3785
3786
3787
3794
3796
3798
3799
3800
3803
3804
3805
3808
3809
3811
3813
3817
3819
3821
3822
3824
3825
3826
3828
3830
3832
3836
3840
3841
3843
3844
3845
3846
3847
3848
3850
3852
3853
3854
3855
3856
3857
3858
3859
3860
3864
3865
3866
3868
3869
3872
3873
3875
3876
3879
3885
3886
3887
3888
3889
3890
3892
3894
3895
3898
3904
3905
3908
3909
3910
3912
3914
3915
3916
3917
3921
3923
3924
3925
3926
3927
3928
3930
3931
3932
3936
3937
3938
3940
3948
3950
3952
3955
3957
3962
3963
3964
3965
3968
3969
3971
3973
3974
3976
3977
3978
3980
3981
3982
3984
3989
3991
3992
3994
3997
4002
4003
4004
4005
4009
4010
4016
4021
4022
4023
4026
4029
4034
4035
4036
4038
4040
4041
4042
4044
4047
4048
4049
4050
4053
4054
4056
4057
4058
4059
4061
4062
4065
4066
4068
4069
4072
4076
4082
4086
4089
4096
4097
4098
4099
4100
4101
4102
4104
4105
4106
4108
4109
4110
4111
4113
4114
4115
4117
4118
4119
4120
4121
4122
4124
4125
4128
4129
4130
4131
4132
4133
4135
4136
4137
4139
4140
4141
4142
4143
4144
4145
4146
4147
4148
4149
4150
4151
4153
4154
4156
4157
4158
4159
4160
4161
4164
4166
4167
4168
4169
4170
4172
4173
4174
4176
4178
4179
4180
4183
4184
4185
4186
4188
4189
4190
4191
4193
4195
4197
4199
4200
4201
4202
4203
4204
4208
4209
4212
4214
4216
4218
4220
4223
4224
4225
4226
4227
4228
4229
4230
4231
4232
4233
4235
4236
4238
4241
4242
4243
4245
4246
4248
4249
4250
4251
4252
4254
4256
4257
4259
4260
4262
4265
4270
4272
4273
4274
4275
4276
4277
4279
4280
4281
4282
4286
4288
4290
4293
4294
4295
4296
4298
4304
4308
4310
4311
4317
4319
4320
4323
4324
4326
4330
4331
4334
4335
4336
4337
4339
4340
4341
4343
4344
4345
4346
4352
4353
4354
4355
4356
4357
4358
4359
4360
4361
4362
4363
4364
4365
4366
4368
4369
4370
4372
4373
4375
4376
4377
4378
4380
4383
4384
4385
4386
4388
4390
4394
4395
4396
4398
4399
4401
4402
4404
4405
4408
4411
4413
4414
4415
4416
4417
4418
4419
4420
4422
4423
4424
4425
4426
4427
4429
4430
4431
4432
4434
4436
4437
4438
4439
4441
4442
4443
4444
4446
4447
4448
4449
4450
4451
4452
4453
4454
4457
4459
4460
4461
4466
4467
4469
4470
4472
4473
4476
4480
4481
4482
4483
4484
4485
4486
4487
4488
4489
4490
4491
4492
4493
4494
4495
4496
4497
4499
4500
4502
4503
4504
4507
4508
4512
4514
4515
4516
4518
4520
4521
4522
4526
4527
4528
4529
4530
4531
4534
4536
4537
4541
4544
4545
4546
4547
4548
4549
4550
4551
4552
4554
4556
4560
4561
4568
4569
4571
4573
4576
4579
4585
4588
4589
4591
4592
4594
4595
4596
4597
4599
4600
4603
4608
4609
4610
4611
4612
4614
4615
4616
4617
4618
4619
4621
4622
4624
4625
4630
4632
4634
4635
4636
4638
4640
4641
4642
4644
4646
4647
4648
4650
4652
4653
4654
4656
4657
4660
4661
4664
4665
4666
4668
4671
4672
4673
4676
4677
4678
4680
4682
4684
4685
4686
4688
4689
4691
4696
4697
4698
4703
4704
4707
4709
4711
4714
4715
4716
4720
4723
4725
4726
4727
4729
4730
4731
4732
4735
4736
4737
4738
4739
4741
4742
4743
4744
4745
4747
4748
4749
4750
4751
4752
4753
4754
4755
4759
4761
4764
4765
4766
4767
4768
4770
4772
4773
4774
4775
4776
4777
4780
4781
4782
4783
4784
4785
4787
4788
4789
4792
4796
4798
4803
4804
4806
4810
4811
4813
4814
4816
4817
4818
4819
4820
4821
4824
4825
4826
4832
4833
4834
4837
4838
4842
4845
4846
4847
4848
4849
4850
4851
4854
4855
4859
4864
4865
4866
4867
4868
4869
4871
4872
4873
4874
4876
4880
4881
4882
4884
4885
4886
4889
4893
4896
4897
4898
4900
4901
4902
4906
4907
4908
4911
4912
4913
4916
4922
4925
4930
4932
4934
4936
4937
4940
4942
4944
4945
4946
4948
4949
4950
4952
4953
4956
4957
4961
4962
4963
4966
4968
4969
4970
4971
4976
4981
4985
4992
4994
4996
5001
5003
5008
5011
5012
5013
5016
5018
5020
5021
5025
5028
5034
5037
5041
5042
5048
5050
5051
5056
5059
5068
5070
5074
5076
5080
5084
5088
5089
5100
5106
5116
5120
5121
5123
5124
5125
5127
5128
5129
5131
5133
5134
5135
5136
5137
5138
5140
5141
5142
5144
5145
5146
5147
5149
5150
5151
5152
5153
5154
5155
5156
5158
5159
5160
5161
5162
5163
5164
5165
5166
5168
5169
5170
5171
5172
5173
5176
5177
5181
5182
5184
5185
5186
5188
5189
5190
5191
5192
5196
5197
5200
5201
5202
5204
5208
5210
5214
5218
5219
5221
5222
5224
5227
5228
5230
5233
5234
5235
5236
5237
5238
5240
5241
5243
5244
5245
5246
5248
5249
5250
5251
5252
5253
5254
5256
5257
5258
5259
5262
5264
5265
5267
5268
5269
5273
5276
5277
5278
5282
5283
5284
5285
5286
5291
5292
5297
5298
5304
5305
5308
5312
5314
5316
5317
5318
5320
5322
5326
5327
5328
5330
5333
5334
5336
5337
5344
5345
5348
5350
5352
5353
5354
5356
5357
5361
5363
5364
5369
5373
5376
5377
5378
5379
5381
5382
5383
5384
5386
5392
5393
5395
5397
5398
5399
5400
5402
5405
5407
5408
5409
5410
5411
5412
5413
5414
5415
5416
5417
5418
5420
5424
5425
5427
5428
5429
5430
5432
5435
5440
5441
5442
5444
5445
5446
5448
5449
5450
5452
5454
5455
5456
5457
5461
5466
5469
5472
5474
5477
5480
5482
5485
5489
5492
5499
5504
5505
5507
5508
5509
5510
5511
5513
5514
5515
5516
5519
5524
5525
5528
5529
5536
5537
5538
5541
5542
5544
5545
5546
5548
5551
5552
5556
5557
5561
5562
5565
5566
5569
5574
5578
5579
5581
5583
5586
5587
5589
5601
5616
5632
5634
5635
5636
5637
5640
5641
5643
5644
5646
5648
5650
5652
5653
5654
5655
5656
5657
5660
5665
5668
5670
5672
5673
5679
5680
5682
5684
5685
5687
5688
5689
5690
5696
5697
5698
5701
5702
5704
5705
5707
5710
5712
5713
5717
5719
5720
5721
5722
5725
5727
5728
5729
5730
5731
5732
5733
5734
5736
5738
5741
5742
5746
5748
5753
5754
5760
5761
5762
5763
5764
5765
5768
5769
5770
5772
5775
5776
5777
5792
5793
5794
5795
5796
5808
5809
5812
5825
5826
5828
5829
5830
5833
5834
5840
5841
5844
5848
5849
5850
5857
5860
5861
5868
5888
5889
5892
5894
5895
5899
5904
5905
5912
5913
5915
5916
5917
5920
5921
5924
5927
5932
5939
5940
5941
5942
5952
5953
5955
5956
5957
5960
5961
5962
5965
5967
5969
5970
5976
5985
5986
5987
5992
5993
5996
5997
6001
6004
6007
6009
6016
6017
6019
6020
6021
6022
6027
6031
6032
6034
6035
6043
6049
6052
6053
6060
6067
6068
6074
6080
6100
6112
6113
6114
6116
6124
6136
6144
6145
6146
6148
6150
6151
6152
6154
6156
6157
6159
6160
6161
6164
6166
6167
6168
6169
6170
6173
6174
6175
6176
6177
6178
6179
6180
6181
6184
6186
6188
6193
6194
6195
6197
6198
6200
6202
6203
6207
6208
6209
6210
6211
6213
6214
6215
6216
6217
6220
6221
6223
6226
6227
6228
6229
6230
6234
6237
6240
6243
6244
6245
6248
6250
6251
6252
6255
6256
6260
6262
6266
6270
6272
6273
6274
6275
6276
6277
6278
6279
6280
6282
6284
6285
6286
6288
6289
6294
6298
6301
6304
6307
6308
6309
6310
6311
6312
6313
6315
6316
6317
6318
6322
6325
6326
6330
6332
6336
6337
6338
6340
6342
6343
6344
6347
6348
6349
6352
6354
6357
6359
6362
6363
6364
6366
6368
6370
6376
6377
6379
6381
6382
6384
6385
6386
6387
6396
6400
6401
6402
6404
6405
6406
6407
6409
6410
6411
6413
6414
6415
6416
6417
6418
6419
6420
6421
6424
6425
6428
6429
6430
6432
6434
6436
6440
6441
6443
6444
6450
6451
6454
6456
6457
6458
6459
6461
6464
6465
6468
6472
6473
6475
6476
6478
6480
6481
6482
6492
6496
6500
6501
6507
6516
6517
6522
6528
6529
6530
6533
6535
6537
6538
6540
6541
6542
6550
6554
6555
6560
6561
6570
6574
6577
6584
6586
6594
6595
6596
6599
6600
6602
6609
6612
6616
6624
6625
6633
6635
6638
6640
6642
6646
6656
6657
6658
6659
6660
6661
6662
6664
6665
6666
6669
6670
6672
6673
6675
6676
6677
6679
6680
6681
6685
6686
6688
6691
6695
6696
6700
6706
6709
6712
6713
6718
6720
6724
6725
6728
6731
6732
6733
6734
6739
6740
6744
6745
6748
6753
6754
6755
6756
6757
6759
6760
6765
6767
6768
6769
6781
6784
6787
6788
6789
6790
6792
6793
6794
6796
6798
6799
6800
6801
6804
6805
6810
6820
6825
6832
6835
6836
6838
6840
6848
6849
6850
6851
6852
6853
6856
6864
6868
6877
6880
6881
6888
6889
6891
6898
6902
6912
6913
6920
6923
6924
6930
6931
6932
6936
6940
6944
6945
6948
6949
6950
6952
6954
6958
6960
6962
6968
6969
6980
6981
6985
6994
6996
6998
7010
7013
7014
7022
7032
7040
7042
7045
7048
7049
7051
7056
7060
7061
7062
7064
7066
7068
7072
7080
7082
7088
7109
7110
7111
7114
7124
7128
7144
7147
7152
7168
7170
7171
7172
7173
7174
7175
7177
7178
7180
7181
7182
7188
7189
7190
7192
7193
7194
7195
7197
7200
7201
7202
7204
7208
7210
7213
7214
7224
7225
7232
7233
7235
7238
7239
7240
7241
7242
7244
7248
7249
7251
7252
7262
7264
7268
7272
7274
7280
7282
7294
7296
7297
7298
7300
7301
7308
7309
7310
7318
7319
7321
7324
7328
7332
7333
7334
7336
7339
7340
7341
7344
7345
7346
7349
7360
7366
7377
7379
7381
7382
7384
7385
7388
7392
7398
7402
7418
7425
7427
7428
7429
7434
7439
7440
7442
7443
7446
7447
7448
7451
7456
7457
7458
7460
7461
7468
7470
7478
7482
7485
7492
7494
7496
7504
7506
7509
7520
7536
7552
7553
7555
7572
7574
7577
7580
7585
7589
7594
7601
7602
7616
7624
7672
7680
7682
7683
7684
7685
7690
7691
7695
7696
7703
7704
7705
7707
7711
7714
7717
7720
7722
7728
7731
7732
7737
7744
7745
7747
7748
7749
7751
7755
7757
7760
7764
7768
7774
7777
7778
7781
7784
7786
7810
7812
7816
7818
7820
7826
7829
7832
7833
7837
7842
7848
7850
7859
7881
7889
7890
7912
7922
7936
7937
7938
7941
7944
7946
7948
7954
7956
7980
7984
7988
7996
8003
8004
8005
8014
8020
8022
8027
8049
8056
8080
8096
8099
8105
8128
8129
8131
8140
8192
8193
8194
8196
8197
8198
8199
8200
8201
8202
8203
8206
8207
8208
8210
8211
8212
8218
8220
8221
8223
8224
8225
8226
8227
8228
8232
8233
8234
8235
8238
8240
8242
8243
8244
8245
8246
8248
8249
8251
8253
8254
8255
8256
8257
8259
8260
8261
8262
8264
8265
8268
8269
8271
8273
8274
8276
8277
8282
8284
8285
8286
8291
8293
8294
8295
8296
8297
8298
8303
8304
8305
8306
8307
8309
8310
8311
8320
8321
8322
8323
8324
8325
8327
8328
8329
8332
8333
8334
8335
8336
8340
8341
8342
8343
8344
8345
8346
8347
8348
8350
8352
8353
8354
8356
8357
8359
8360
8362
8363
8364
8365
8367
8368
8370
8374
8376
8377
8379
8384
8386
8387
8388
8389
8392
8393
8394
8395
8396
8397
8400
8401
8402
8404
8405
8408
8410
8412
8414
8417
8420
8423
8424
8426
8428
8429
8444
8445
8448
8449
8450
8452
8456
8457
8458
8460
8463
8464
8466
8467
8468
8469
8470
8471
8474
8475
8477
8478
8480
8481
8484
8485
8487
8488
8491
8492
8494
8496
8497
8501
8504
8506
8512
8513
8514
8517
8518
8520
8521
8524
8525
8527
8528
8529
8533
8534
8535
8536
8539
8540
8542
8544
8548
8550
8551
8552
8554
8561
8562
8564
8569
8570
8572
8576
8577
8579
8581
8582
8587
8588
8591
8592
8594
8595
8596
8598
8600
8601
8602
8612
8614
8615
8616
8624
8625
8629
8634
8635
8640
8641
8642
8643
8644
8650
8651
8653
8655
8657
8668
8672
8676
8680
8681
8688
8689
8696
8704
8705
8706
8707
8708
8709
8711
8712
8713
8714
8715
8716
8717
8718
8719
8721
8722
8724
8726
8728
8729
8730
8736
8737
8739
8742
8745
8749
8752
8753
8759
8760
8762
8764
8768
8769
8770
8771
8772
8773
8774
8775
8776
8777
8779
8780
8784
8785
8787
8788
8789
8790
8796
8798
8800
8801
8806
8807
8808
8810
8813
8816
8822
8832
8833
8834
8835
8836
8837
8838
8840
8842
8843
8844
8845
8849
8850
8852
8853
8854
8857
8858
8859
8862
8864
8867
8868
8870
8873
8879
8880
8884
8891
8892
8896
8897
8903
8904
8905
8908
8914
8918
8922
8928
8929
8930
8931
8942
8960
8961
8962
8964
8966
8968
8969
8970
8971
8972
8974
8979
8984
8994
8995
8996
8999
9000
9010
9012
9013
9016
9017
9024
9026
9027
9028
9031
9032
9033
9039
9040
9043
9045
9046
9048
9049
9052
9056
9057
9058
9060
9061
9065
9072
9088
9093
9094
9096
9097
9101
9105
9111
9112
9116
9120
9122
9124
9125
9128
9144
9146
9152
9155
9156
9157
9162
9164
9172
9200
9216
9217
9218
9219
9220
9224
9226
9227
9230
9232
9233
9234
9235
9236
9239
9240
9243
9244
9245
9246
9249
9250
9252
9254
9255
9256
9258
9262
9263
9265
9267
9271
9274
9275
9276
9278
9280
9281
9284
9285
9288
9289
9292
9295
9296
9297
9298
9300
9301
9304
9305
9308
9312
9313
9315
9316
9317
9319
9320
9321
9330
9331
9334
9337
9341
9344
9346
9347
9350
9352
9353
9355
9359
9360
9364
9366
9370
9372
9374
9376
9377
9381
9382
9385
9386
9388
9389
9392
9394
9399
9400
9403
9408
9409
9412
9413
9418
9420
9422
9424
9425
9426
9429
9436
9444
9446
9449
9456
9458
9472
9473
9474
9476
9477
9479
9482
9483
9486
9487
9488
9489
9491
9492
9495
9496
9501
9502
9504
9506
9507
9508
9509
9510
9512
9513
9518
9520
9523
9524
9536
9537
9545
9548
9549
9552
9553
9557
9566
9568
9569
9574
9576
9580
9585
9589
9593
9600
9602
9603
9604
9605
9608
9610
9617
9618
9620
9624
9625
9632
9636
9638
9648
9649
9669
9673
9674
9677
9678
9680
9681
9682
9713
9720
9722
9728
9729
9730
9731
9734
9735
9736
9737
9738
9739
9746
9749
9750
9753
9755
9756
9758
9760
9761
9762
9768
9772
9774
9780
9784
9788
9792
9793
9794
9798
9800
9801
9805
9806
9808
9809
9812
9824
9832
9836
9840
9843
9856
9857
9859
9860
9861
9862
9874
9877
9881
9889
9891
9894
9906
9908
9916
9921
9922
9924
9926
9928
9940
9944
9952
9969
9984
9986
9988
9990
9997
10001
10003
10004
10006
10008
10042
10048
10051
10056
10057
10060
10062
10068
10113
10122
10126
10130
10132
10146
10147
10152
10153
10156
10176
10177
10178
10184
10240
10241
10242
10243
10244
10246
10247
10249
10250
10251
10252
10253
10254
10256
10257
10258
10259
10266
10269
10274
10275
10276
10277
10278
10279
10280
10281
10282
10284
10288
10290
10292
10296
10297
10298
10301
10304
10307
10308
10312
10314
10315
10318
10320
10324
10325
10331
10333
10334
10340
10341
10351
10353
10356
10369
10370
10373
10376
10384
10385
10387
10390
10392
10393
10394
10395
10400
10402
10406
10408
10409
10416
10420
10422
10425
10432
10433
10434
10435
10442
10448
10449
10464
10467
10473
10488
10496
10501
10502
10509
10512
10514
10520
10521
10524
10528
10529
10530
10532
10537
10539
10540
10548
10552
10557
10560
10565
10567
10570
10572
10573
10580
10590
10592
10593
10594
10601
10602
10605
10610
10612
10616
10624
10625
10626
10632
10634
10640
10642
10644
10645
10656
10662
10663
10664
10674
10676
10689
10696
10700
10705
10721
10724
10736
10753
10754
10756
10760
10761
10763
10764
10768
10769
10770
10776
10777
10780
10783
10784
10785
10788
10791
10793
10795
10800
10802
10816
10818
10823
10825
10826
10830
10832
10833
10834
10836
10839
10840
10848
10853
10856
10874
10880
10882
10883
10884
10885
10891
10893
10897
10899
10900
10912
10919
10921
10930
10946
10949
10950
10952
10953
11008
11011
11012
11016
11018
11024
11025
11027
11029
11030
11036
11040
11042
11044
11045
11046
11047
11048
11049
11050
11057
11059
11060
11074
11075
11078
11082
11086
11087
11092
11100
11110
11112
11121
11136
11139
11144
11148
11152
11154
11202
11264
11265
11266
11269
11272
11276
11277
11279
11280
11281
11283
11286
11288
11290
11296
11297
11300
11302
11308
11309
11312
11316
11320
11328
11334
11342
11344
11347
11353
11361
11364
11366
11376
11377
11393
11394
11395
11396
11398
11399
11400
11401
11406
11409
11416
11428
11432
11433
11441
11472
11476
11488
11489
11490
11492
11520
11522
11524
11525
11527
11528
11531
11536
11540
11544
11552
11556
11561
11577
11584
11588
11593
11601
11604
11612
11620
11648
11657
11673
11680
11682
11744
11750
11777
11780
11788
11793
11794
11798
11800
11816
11829
11832
11846
11848
11849
11880
11905
11906
11914
11917
11918
11920
11928
11940
11952
12032
12033
12039
12041
12044
12057
12101
12102
12134
12289
12290
12291
12292
12293
12294
12295
12296
12297
12298
12300
12301
12305
12306
12312
12315
12316
12320
12321
12322
12324
12326
12329
12330
12334
12336
12337
12339
12352
12353
12355
12357
12358
12359
12360
12361
12363
12364
12365
12367
12368
12369
12370
12373
12376
12377
12380
12381
12384
12385
12386
12388
12394
12417
12420
12425
12426
12435
12436
12437
12439
12440
12442
12448
12449
12450
12452
12453
12454
12455
12464
12480
12481
12482
12484
12486
12488
12490
12494
12497
12504
12510
12516
12531
12537
12546
12547
12549
12552
12554
12555
12558
12560
12563
12565
12570
12574
12577
12580
12584
12586
12592
12594
12596
12604
12608
12609
12611
12612
12613
12618
12624
12632
12634
12644
12646
12651
12673
12683
12689
12696
12698
12704
12706
12710
12739
12777
12800
12801
12804
12806
12808
12809
12812
12813
12814
12816
12817
12819
12820
12829
12832
12833
12834
12836
12837
12849
12864
12870
12873
12877
12881
12882
12884
12896
12898
12902
12909
12924
12928
12931
12932
12934
12939
12944
12956
12980
12986
13004
13020
13042
13057
13063
13066
13073
13091
13098
13121
13124
13129
13144
13145
13176
13188
13190
13192
13195
13202
13208
13216
13220
13267
13274
13312
13314
13316
13318
13321
13322
13328
13336
13338
13346
13352
13356
13357
13360
13362
13364
13376
13378
13380
13381
13384
13385
13386
13393
13397
13408
13410
13424
13426
13427
13440
13442
13443
13445
13448
13476
13504
13514
13538
13572
13577
13579
13585
13586
13600
13604
13632
13634
13638
13640
13652
13664
13666
13700
13701
13712
13728
13760
13824
13826
13827
13840
13842
13843
13848
13864
13865
13867
13876
13888
13892
13953
13958
13968
13984
13988
14018
14080
14088
14097
14184
14192
14215
14304
14336
14337
14340
14341
14345
14347
14350
14352
14355
14356
14368
14370
14371
14374
14377
14386
14401
14404
14406
14410
14412
14424
14434
14435
14436
14464
14466
14468
14476
14481
14484
14498
14501
14505
14512
14513
14528
14529
14596
14600
14609
14620
14626
14657
14662
14665
14674
14689
14691
14736
14784
14788
14849
14856
14857
14868
14880
14884
14896
14912
14916
14917
14921
14986
15104
15106
15111
15113
15120
15140
15232
15312
15328
15360
15362
15377
15408
15424
15428
15429
15442
15456
15461
15508
15536
15616
15630
15648
15656
15666
15746
15760
15873
15878
15888
15920
15940
15957
15961
16032
16064
16384
16385
16386
16387
16388
16389
16392
16393
16394
16395
16396
16397
16398
16399
16401
16402
16403
16405
16408
16410
16412
16413
16414
16415
16416
16417
16418
16420
16421
16422
16424
16425
16426
16428
16429
16431
16432
16433
16434
16435
16437
16438
16439
16442
16443
16449
16451
16452
16453
16454
16455
16458
16459
16462
16470
16472
16474
16476
16477
16480
16481
16482
16483
16484
16485
16486
16489
16490
16491
16496
16497
16501
16502
16503
16504
16506
16513
16514
16516
16517
16518
16520
16521
16522
16525
16526
16529
16530
16531
16532
16533
16534
16535
16536
16538
16539
16544
16545
16546
16547
16548
16549
16552
16553
16556
16557
16560
16562
16563
16568
16572
16576
16577
16578
16580
16581
16583
16585
16594
16600
16602
16608
16610
16612
16616
16618
16624
16630
16640
16641
16642
16643
16644
16645
16646
16647
16648
16649
16650
16652
16656
16658
16661
16664
16666
16667
16668
16671
16672
16673
16675
16677
16680
16681
16683
16686
16689
16690
16691
16696
16697
16698
16700
16704
16705
16707
16708
16709
16712
16713
16714
16715
16718
16719
16722
16728
16730
16736
16739
16742
16745
16748
16752
16754
16756
16768
16772
16774
16775
16776
16781
16782
16787
16790
16792
16794
16800
16801
16802
16805
16810
16812
16817
16818
16820
16828
16832
16834
16836
16837
16842
16844
16850
16855
16856
16871
16872
16882
16896
16897
16898
16900
16902
16903
16906
16912
16913
16915
16916
16917
16918
16920
16922
16924
16929
16931
16936
16939
16940
16944
16945
16947
16950
16955
16956
16961
16962
16963
16964
16965
16968
16969
16976
16977
16978
16984
16985
16988
16992
16995
17002
17008
17021
17024
17025
17026
17028
17029
17030
17034
17035
17036
17040
17041
17042
17043
17045
17048
17053
17060
17062
17064
17066
17067
17068
17077
17078
17080
17088
17090
17091
17093
17101
17104
17117
17120
17121
17124
17144
17152
17153
17154
17157
17160
17161
17164
17166
17168
17170
17171
17172
17173
17174
17177
17185
17186
17194
17208
17212
17216
17218
17220
17225
17232
17233
17260
17264
17280
17281
17285
17292
17312
17348
17356
17360
17408
17409
17410
17415
17417
17419
17420
17421
17425
17426
17427
17429
17430
17431
17435
17436
17438
17440
17442
17445
17446
17449
17453
17457
17458
17460
17461
17464
17465
17472
17473
17474
17477
17480
17482
17483
17489
17490
17492
17493
17494
17496
17504
17506
17512
17522
17528
17530
17537
17541
17543
17545
17546
17547
17549
17555
17556
17560
17568
17572
17574
17576
17577
17585
17586
17589
17600
17608
17609
17619
17620
17632
17635
17636
17637
17640
17641
17646
17653
17664
17665
17666
17670
17672
17675
17680
17686
17696
17697
17698
17699
17700
17706
17710
17712
17713
17726
17729
17732
17734
17735
17736
17737
17738
17743
17744
17746
17748
17750
17752
17760
17762
17764
17766
17769
17773
17792
17793
17798
17802
17803
17804
17811
17825
17830
17832
17834
17841
17856
17857
17858
17860
17864
17865
17872
17888
17920
17921
17922
17923
17926
17927
17929
17930
17931
17936
17937
17939
17953
17956
17962
17968
17976
17984
17986
17988
17993
18008
18016
18018
18021
18042
18048
18053
18064
18065
18066
18080
18083
18090
18112
18115
18120
18128
18144
18178
18182
18183
18185
18188
18192
18193
18194
18200
18208
18209
18212
18216
18220
18237
18240
18242
18256
18320
18324
18336
18384
18400
18402
18432
18433
18434
18436
18437
18442
18448
18449
18450
18451
18454
18460
18461
18463
18464
18465
18466
18468
18471
18473
18474
18476
18477
18480
18482
18489
18492
18493
18497
18498
18499
18501
18506
18507
18510
18512
18514
18517
18520
18532
18534
18536
18538
18550
18560
18561
18562
18564
18565
18566
18567
18569
18580
18581
18584
18588
18592
18594
18596
18598
18599
18602
18609
18613
18626
18627
18629
18632
18638
18644
18647
18648
18688
18689
18690
18692
18695
18696
18698
18699
18703
18704
18705
18706
18710
18716
18722
18724
18726
18728
18733
18736
18745
18746
18753
18754
18756
18761
18768
18772
18784
18808
18809
18816
18820
18824
18825
18830
18832
18835
18840
18865
18872
18880
18883
18885
18900
18944
18946
18947
18948
18950
18952
18954
18956
18961
18964
18965
18976
18977
18982
18984
18987
18996
19000
19008
19009
19010
19016
19022
19024
19026
19028
19035
19041
19049
19050
19072
19073
19074
19075
19076
19092
19096
19100
19104
19112
19116
19168
19201
19202
19203
19204
19210
19211
19216
19217
19224
19233
19264
19337
19384
19458
19461
19465
19472
19473
19475
19483
19484
19488
19489
19490
19491
19498
19500
19510
19511
19512
19520
19522
19524
19528
19530
19554
19560
19570
19584
19585
19586
19587
19588
19593
19600
19609
19617
19648
19650
19651
19653
19658
19680
19712
19714
19716
19717
19721
19724
19729
19756
19784
19793
19852
19872
19873
19956
19968
19969
19970
19972
19984
19987
19992
20004
20008
20016
20034
20035
20064
20066
20096
20097
20098
20100
20160
20184
20226
20228
20229
20233
20235
20291
20356
20480
20482
20484
20486
20488
20489
20490
20491
20492
20494
20496
20498
20499
20500
20512
20518
20520
20521
20526
20528
20530
20531
20533
20536
20537
20545
20546
20548
20549
20552
20554
20556
20557
20559
20562
20565
20570
20577
20578
20580
20583
20586
20587
20592
20599
20608
20610
20612
20616
20617
20619
20625
20626
20628
20633
20634
20636
20642
20643
20647
20649
20656
20657
20658
20664
20673
20674
20688
20706
20708
20726
20737
20738
20739
20740
20742
20743
20750
20753
20755
20758
20761
20768
20772
20776
20791
20801
20804
20806
20808
20812
20816
20819
20820
20828
20864
20865
20868
20881
20885
20896
20897
20900
20915
20936
20940
20992
20993
20995
20997
21004
21008
21009
21010
21017
21025
21026
21029
21037
21057
21070
21088
21090
21096
21098
21105
21120
21128
21130
21136
21186
21188
21200
21204
21249
21251
21254
21256
21257
21276
21280
21288
21296
21321
21330
21331
21344
21376
21408
21506
21507
21508
21510
21512
21513
21514
21516
21520
21524
21526
21528
21530
21536
21537
21540
21569
21570
21572
21580
21588
21601
21603
21648
21652
21671
21673
21688
21696
21761
21764
21765
21766
21772
21776
21778
21825
21827
21830
21832
21841
21856
21872
21888
21890
21896
21904
21920
21940
21952
22016
22017
22018
22021
22025
22028
22032
22035
22037
22050
22057
22064
22080
22081
22144
22176
22272
22274
22276
22288
22296
22304
22306
22404
22528
22537
22538
22544
22546
22548
22549
22553
22562
22571
22573
22576
22578
22601
22609
22612
22616
22624
22625
22627
22632
22656
22657
22659
22660
22667
22670
22673
22723
22786
22800
22802
22818
22824
22848
22850
22856
22880
22920
22992
23040
23043
23045
23048
23056
23058
23080
23106
23108
23113
23124
23144
23168
23185
23240
23302
23312
23428
23456
23557
23568
23576
23600
23616
23622
23720
23776
23809
23814
23857
24104
24200
24576
24578
24580
24586
24589
24591
24592
24596
24600
24601
24604
24605
24608
24609
24614
24616
24617
24628
24633
24635
24638
24641
24642
24645
24647
24648
24650
24656
24658
24660
24661
24674
24677
24680
24684
24705
24707
24709
24712
24713
24714
24718
24720
24721
24724
24726
24736
24737
24740
24784
24794
24816
24833
24836
24840
24844
24846
24849
24854
24864
24865
24866
24867
24875
24876
24884
24886
24888
24896
24897
24916
24928
24979
24981
24984
25088
25089
25090
25091
25092
25094
25102
25108
25111
25120
25124
25133
25152
25153
25158
25162
25169
25184
25192
25228
25236
25261
25265
25283
25284
25292
25314
25344
25346
25352
25354
25356
25364
25365
25376
25424
25426
25428
25432
25488
25505
25536
25602
25604
25605
25616
25620
25622
25624
25636
25640
25642
25665
25672
25673
25697
25704
25712
25728
25730
25732
25736
25740
25766
25776
25794
25810
25813
25856
25858
25860
25896
25904
25920
25924
25928
25984
25986
26050
26112
26116
26120
26178
26248
26272
26305
26328
26368
26377
26384
26409
26560
26624
26628
26629
26634
26636
26640
26641
26649
26660
26673
26680
26688
26700
26705
26706
26708
26752
26754
26756
26760
26761
26762
26768
26771
26792
26818
26820
26881
26882
26898
27009
27010
27028
27137
27138
27142
27144
27146
27177
27184
27396
27648
27649
27655
27658
27672
27716
27744
27794
27904
27920
27938
28164
28224
28424
28432
28672
28673
28674
28680
28681
28682
28683
28686
28694
28697
28720
28722
28764
28786
28800
28805
28809
28864
28869
28896
28898
28928
28930
28936
28964
29186
29201
29203
29253
29280
29282
29315
29330
29441
29442
29449
29512
29700
29702
29705
29846
29968
30208
30209
30736
30768
30772
31008
31232
